************************************************
Graph Network Topology: Complete Topology
Number of Objects: 50
Random Initial Source Permutation: Yes
Source Permutation (Initial Assignment): 28 10 40 34 35 16 8 38 19 5 47 45 29 22 42 2 7 21 18 15 50 27 17 30 37 6 48 39 20 9 24 49 14 44 36 46 3 31 41 13 43 32 12 25 1 26 11 23 33 4 
Target Permutation: 1 2 3 4 5 6 7 8 9 10 11 12 13 14 15 16 17 18 19 20 21 22 23 24 25 26 27 28 29 30 31 32 33 34 35 36 37 38 39 40 41 42 43 44 45 46 47 48 49 50 




Upper Bound (the diameter of complete transposition graph CT_n for n=50) : 49 (i.e.,n-1 for n=50).

The minimum number of adjacent swaps needed is 46.
<A permutation decomposition for the inverse of source permutation>
45 16 37 50 10 26 17 7 30 2 47 43 40 33 20 6 23 19 9 29 18 14 48 31 44 46 22 1 13 24 38 42 49 4 5 35 25 8 28 3 39 15 41 34 12 36 11 27 32 21  = (1 28)(1 39)(1 41)(1 43)(1 12)(1 45)(2 10)(2 5)(2 35)(2 36)(2 46)(2 26)(2 6)(2 16)(3 40)(3 13)(3 29)(3 20)(3 15)(3 42)(3 32)(3 49)(3 33)(3 14)(3 22)(3 27)(3 48)(3 23)(3 17)(3 7)(3 8)(3 38)(3 31)(3 24)(3 30)(3 9)(3 19)(3 18)(3 21)(3 50)(3 4)(3 34)(3 44)(3 25)(3 37)(11 47)
Source Permutation: 28 10 40 34 35 16 8 38 19 5 47 45 29 22 42 2 7 21 18 15 50 27 17 30 37 6 48 39 20 9 24 49 14 44 36 46 3 31 41 13 43 32 12 25 1 26 11 23 33 4 
1. After swapping objects between vertex 1 and vertex 28 : 39 10 40 34 35 16 8 38 19 5 47 45 29 22 42 2 7 21 18 15 50 27 17 30 37 6 48 28 20 9 24 49 14 44 36 46 3 31 41 13 43 32 12 25 1 26 11 23 33 4 
2. After swapping objects between vertex 1 and vertex 39 : 41 10 40 34 35 16 8 38 19 5 47 45 29 22 42 2 7 21 18 15 50 27 17 30 37 6 48 28 20 9 24 49 14 44 36 46 3 31 39 13 43 32 12 25 1 26 11 23 33 4 
3. After swapping objects between vertex 1 and vertex 41 : 43 10 40 34 35 16 8 38 19 5 47 45 29 22 42 2 7 21 18 15 50 27 17 30 37 6 48 28 20 9 24 49 14 44 36 46 3 31 39 13 41 32 12 25 1 26 11 23 33 4 
4. After swapping objects between vertex 1 and vertex 43 : 12 10 40 34 35 16 8 38 19 5 47 45 29 22 42 2 7 21 18 15 50 27 17 30 37 6 48 28 20 9 24 49 14 44 36 46 3 31 39 13 41 32 43 25 1 26 11 23 33 4 
5. After swapping objects between vertex 1 and vertex 12 : 45 10 40 34 35 16 8 38 19 5 47 12 29 22 42 2 7 21 18 15 50 27 17 30 37 6 48 28 20 9 24 49 14 44 36 46 3 31 39 13 41 32 43 25 1 26 11 23 33 4 
6. After swapping objects between vertex 1 and vertex 45 : 1 10 40 34 35 16 8 38 19 5 47 12 29 22 42 2 7 21 18 15 50 27 17 30 37 6 48 28 20 9 24 49 14 44 36 46 3 31 39 13 41 32 43 25 45 26 11 23 33 4 
7. After swapping objects between vertex 2 and vertex 10 : 1 5 40 34 35 16 8 38 19 10 47 12 29 22 42 2 7 21 18 15 50 27 17 30 37 6 48 28 20 9 24 49 14 44 36 46 3 31 39 13 41 32 43 25 45 26 11 23 33 4 
8. After swapping objects between vertex 2 and vertex 5 : 1 35 40 34 5 16 8 38 19 10 47 12 29 22 42 2 7 21 18 15 50 27 17 30 37 6 48 28 20 9 24 49 14 44 36 46 3 31 39 13 41 32 43 25 45 26 11 23 33 4 
9. After swapping objects between vertex 2 and vertex 35 : 1 36 40 34 5 16 8 38 19 10 47 12 29 22 42 2 7 21 18 15 50 27 17 30 37 6 48 28 20 9 24 49 14 44 35 46 3 31 39 13 41 32 43 25 45 26 11 23 33 4 
10. After swapping objects between vertex 2 and vertex 36 : 1 46 40 34 5 16 8 38 19 10 47 12 29 22 42 2 7 21 18 15 50 27 17 30 37 6 48 28 20 9 24 49 14 44 35 36 3 31 39 13 41 32 43 25 45 26 11 23 33 4 
11. After swapping objects between vertex 2 and vertex 46 : 1 26 40 34 5 16 8 38 19 10 47 12 29 22 42 2 7 21 18 15 50 27 17 30 37 6 48 28 20 9 24 49 14 44 35 36 3 31 39 13 41 32 43 25 45 46 11 23 33 4 
12. After swapping objects between vertex 2 and vertex 26 : 1 6 40 34 5 16 8 38 19 10 47 12 29 22 42 2 7 21 18 15 50 27 17 30 37 26 48 28 20 9 24 49 14 44 35 36 3 31 39 13 41 32 43 25 45 46 11 23 33 4 
13. After swapping objects between vertex 2 and vertex 6 : 1 16 40 34 5 6 8 38 19 10 47 12 29 22 42 2 7 21 18 15 50 27 17 30 37 26 48 28 20 9 24 49 14 44 35 36 3 31 39 13 41 32 43 25 45 46 11 23 33 4 
14. After swapping objects between vertex 2 and vertex 16 : 1 2 40 34 5 6 8 38 19 10 47 12 29 22 42 16 7 21 18 15 50 27 17 30 37 26 48 28 20 9 24 49 14 44 35 36 3 31 39 13 41 32 43 25 45 46 11 23 33 4 
15. After swapping objects between vertex 3 and vertex 40 : 1 2 13 34 5 6 8 38 19 10 47 12 29 22 42 16 7 21 18 15 50 27 17 30 37 26 48 28 20 9 24 49 14 44 35 36 3 31 39 40 41 32 43 25 45 46 11 23 33 4 
16. After swapping objects between vertex 3 and vertex 13 : 1 2 29 34 5 6 8 38 19 10 47 12 13 22 42 16 7 21 18 15 50 27 17 30 37 26 48 28 20 9 24 49 14 44 35 36 3 31 39 40 41 32 43 25 45 46 11 23 33 4 
17. After swapping objects between vertex 3 and vertex 29 : 1 2 20 34 5 6 8 38 19 10 47 12 13 22 42 16 7 21 18 15 50 27 17 30 37 26 48 28 29 9 24 49 14 44 35 36 3 31 39 40 41 32 43 25 45 46 11 23 33 4 
18. After swapping objects between vertex 3 and vertex 20 : 1 2 15 34 5 6 8 38 19 10 47 12 13 22 42 16 7 21 18 20 50 27 17 30 37 26 48 28 29 9 24 49 14 44 35 36 3 31 39 40 41 32 43 25 45 46 11 23 33 4 
19. After swapping objects between vertex 3 and vertex 15 : 1 2 42 34 5 6 8 38 19 10 47 12 13 22 15 16 7 21 18 20 50 27 17 30 37 26 48 28 29 9 24 49 14 44 35 36 3 31 39 40 41 32 43 25 45 46 11 23 33 4 
20. After swapping objects between vertex 3 and vertex 42 : 1 2 32 34 5 6 8 38 19 10 47 12 13 22 15 16 7 21 18 20 50 27 17 30 37 26 48 28 29 9 24 49 14 44 35 36 3 31 39 40 41 42 43 25 45 46 11 23 33 4 
21. After swapping objects between vertex 3 and vertex 32 : 1 2 49 34 5 6 8 38 19 10 47 12 13 22 15 16 7 21 18 20 50 27 17 30 37 26 48 28 29 9 24 32 14 44 35 36 3 31 39 40 41 42 43 25 45 46 11 23 33 4 
22. After swapping objects between vertex 3 and vertex 49 : 1 2 33 34 5 6 8 38 19 10 47 12 13 22 15 16 7 21 18 20 50 27 17 30 37 26 48 28 29 9 24 32 14 44 35 36 3 31 39 40 41 42 43 25 45 46 11 23 49 4 
23. After swapping objects between vertex 3 and vertex 33 : 1 2 14 34 5 6 8 38 19 10 47 12 13 22 15 16 7 21 18 20 50 27 17 30 37 26 48 28 29 9 24 32 33 44 35 36 3 31 39 40 41 42 43 25 45 46 11 23 49 4 
24. After swapping objects between vertex 3 and vertex 14 : 1 2 22 34 5 6 8 38 19 10 47 12 13 14 15 16 7 21 18 20 50 27 17 30 37 26 48 28 29 9 24 32 33 44 35 36 3 31 39 40 41 42 43 25 45 46 11 23 49 4 
25. After swapping objects between vertex 3 and vertex 22 : 1 2 27 34 5 6 8 38 19 10 47 12 13 14 15 16 7 21 18 20 50 22 17 30 37 26 48 28 29 9 24 32 33 44 35 36 3 31 39 40 41 42 43 25 45 46 11 23 49 4 
26. After swapping objects between vertex 3 and vertex 27 : 1 2 48 34 5 6 8 38 19 10 47 12 13 14 15 16 7 21 18 20 50 22 17 30 37 26 27 28 29 9 24 32 33 44 35 36 3 31 39 40 41 42 43 25 45 46 11 23 49 4 
27. After swapping objects between vertex 3 and vertex 48 : 1 2 23 34 5 6 8 38 19 10 47 12 13 14 15 16 7 21 18 20 50 22 17 30 37 26 27 28 29 9 24 32 33 44 35 36 3 31 39 40 41 42 43 25 45 46 11 48 49 4 
28. After swapping objects between vertex 3 and vertex 23 : 1 2 17 34 5 6 8 38 19 10 47 12 13 14 15 16 7 21 18 20 50 22 23 30 37 26 27 28 29 9 24 32 33 44 35 36 3 31 39 40 41 42 43 25 45 46 11 48 49 4 
29. After swapping objects between vertex 3 and vertex 17 : 1 2 7 34 5 6 8 38 19 10 47 12 13 14 15 16 17 21 18 20 50 22 23 30 37 26 27 28 29 9 24 32 33 44 35 36 3 31 39 40 41 42 43 25 45 46 11 48 49 4 
30. After swapping objects between vertex 3 and vertex 7 : 1 2 8 34 5 6 7 38 19 10 47 12 13 14 15 16 17 21 18 20 50 22 23 30 37 26 27 28 29 9 24 32 33 44 35 36 3 31 39 40 41 42 43 25 45 46 11 48 49 4 
31. After swapping objects between vertex 3 and vertex 8 : 1 2 38 34 5 6 7 8 19 10 47 12 13 14 15 16 17 21 18 20 50 22 23 30 37 26 27 28 29 9 24 32 33 44 35 36 3 31 39 40 41 42 43 25 45 46 11 48 49 4 
32. After swapping objects between vertex 3 and vertex 38 : 1 2 31 34 5 6 7 8 19 10 47 12 13 14 15 16 17 21 18 20 50 22 23 30 37 26 27 28 29 9 24 32 33 44 35 36 3 38 39 40 41 42 43 25 45 46 11 48 49 4 
33. After swapping objects between vertex 3 and vertex 31 : 1 2 24 34 5 6 7 8 19 10 47 12 13 14 15 16 17 21 18 20 50 22 23 30 37 26 27 28 29 9 31 32 33 44 35 36 3 38 39 40 41 42 43 25 45 46 11 48 49 4 
34. After swapping objects between vertex 3 and vertex 24 : 1 2 30 34 5 6 7 8 19 10 47 12 13 14 15 16 17 21 18 20 50 22 23 24 37 26 27 28 29 9 31 32 33 44 35 36 3 38 39 40 41 42 43 25 45 46 11 48 49 4 
35. After swapping objects between vertex 3 and vertex 30 : 1 2 9 34 5 6 7 8 19 10 47 12 13 14 15 16 17 21 18 20 50 22 23 24 37 26 27 28 29 30 31 32 33 44 35 36 3 38 39 40 41 42 43 25 45 46 11 48 49 4 
36. After swapping objects between vertex 3 and vertex 9 : 1 2 19 34 5 6 7 8 9 10 47 12 13 14 15 16 17 21 18 20 50 22 23 24 37 26 27 28 29 30 31 32 33 44 35 36 3 38 39 40 41 42 43 25 45 46 11 48 49 4 
37. After swapping objects between vertex 3 and vertex 19 : 1 2 18 34 5 6 7 8 9 10 47 12 13 14 15 16 17 21 19 20 50 22 23 24 37 26 27 28 29 30 31 32 33 44 35 36 3 38 39 40 41 42 43 25 45 46 11 48 49 4 
38. After swapping objects between vertex 3 and vertex 18 : 1 2 21 34 5 6 7 8 9 10 47 12 13 14 15 16 17 18 19 20 50 22 23 24 37 26 27 28 29 30 31 32 33 44 35 36 3 38 39 40 41 42 43 25 45 46 11 48 49 4 
39. After swapping objects between vertex 3 and vertex 21 : 1 2 50 34 5 6 7 8 9 10 47 12 13 14 15 16 17 18 19 20 21 22 23 24 37 26 27 28 29 30 31 32 33 44 35 36 3 38 39 40 41 42 43 25 45 46 11 48 49 4 
40. After swapping objects between vertex 3 and vertex 50 : 1 2 4 34 5 6 7 8 9 10 47 12 13 14 15 16 17 18 19 20 21 22 23 24 37 26 27 28 29 30 31 32 33 44 35 36 3 38 39 40 41 42 43 25 45 46 11 48 49 50 
41. After swapping objects between vertex 3 and vertex 4 : 1 2 34 4 5 6 7 8 9 10 47 12 13 14 15 16 17 18 19 20 21 22 23 24 37 26 27 28 29 30 31 32 33 44 35 36 3 38 39 40 41 42 43 25 45 46 11 48 49 50 
42. After swapping objects between vertex 3 and vertex 34 : 1 2 44 4 5 6 7 8 9 10 47 12 13 14 15 16 17 18 19 20 21 22 23 24 37 26 27 28 29 30 31 32 33 34 35 36 3 38 39 40 41 42 43 25 45 46 11 48 49 50 
43. After swapping objects between vertex 3 and vertex 44 : 1 2 25 4 5 6 7 8 9 10 47 12 13 14 15 16 17 18 19 20 21 22 23 24 37 26 27 28 29 30 31 32 33 34 35 36 3 38 39 40 41 42 43 44 45 46 11 48 49 50 
44. After swapping objects between vertex 3 and vertex 25 : 1 2 37 4 5 6 7 8 9 10 47 12 13 14 15 16 17 18 19 20 21 22 23 24 25 26 27 28 29 30 31 32 33 34 35 36 3 38 39 40 41 42 43 44 45 46 11 48 49 50 
45. After swapping objects between vertex 3 and vertex 37 : 1 2 3 4 5 6 7 8 9 10 47 12 13 14 15 16 17 18 19 20 21 22 23 24 25 26 27 28 29 30 31 32 33 34 35 36 37 38 39 40 41 42 43 44 45 46 11 48 49 50 
46. After swapping objects between vertex 11 and vertex 47 : 1 2 3 4 5 6 7 8 9 10 11 12 13 14 15 16 17 18 19 20 21 22 23 24 25 26 27 28 29 30 31 32 33 34 35 36 37 38 39 40 41 42 43 44 45 46 47 48 49 50 
Target Permutation: 1 2 3 4 5 6 7 8 9 10 11 12 13 14 15 16 17 18 19 20 21 22 23 24 25 26 27 28 29 30 31 32 33 34 35 36 37 38 39 40 41 42 43 44 45 46 47 48 49 50 
Upper Bound: 49
Reached the target permutation successfully (46 adjacent swaps).
