************************************************
Graph Network Topology: Ring Topology
Number of Objects: 50
Random Initial Source Permutation: Yes
Source Permutation (Initial Assignment): 47 46 29 26 21 1 39 44 22 41 18 19 32 49 4 50 2 15 36 42 23 45 25 8 9 11 40 38 34 37 20 24 10 27 43 17 14 5 30 31 35 33 6 28 16 3 12 13 48 7 
Target Permutation: 1 2 3 4 5 6 7 8 9 10 11 12 13 14 15 16 17 18 19 20 21 22 23 24 25 26 27 28 29 30 31 32 33 34 35 36 37 38 39 40 41 42 43 44 45 46 47 48 49 50 

Inversion number (for p_2^{-1}p_1, where p_1, p_2 denote source and target permutation, respectively): 401

Upper bound (the diameter of modified bubble sort Cayley graph MBS_n for n=50) : 625 (i.e.,|_ n^2/4 _| for n=50).

The minimum number of adjacent swaps needed is 401.
<A permutation decomposition for the inverse of source permutation>
6 17 46 15 38 43 50 24 25 33 26 47 48 37 18 45 36 11 12 31 5 9 21 32 23 4 34 44 3 39 40 13 42 29 41 19 30 28 7 27 10 20 35 8 22 2 1 49 14 16  = (5 6)(4 5)(3 4)(6 7)(5 6)(4 5)(7 8)(6 7)(5 6)(9 10)(8 9)(7 8)(6 7)(13 14)(12 13)(11 12)(10 11)(9 10)(8 9)(7 8)(14 15)(13 14)(12 13)(11 12)(10 11)(9 10)(8 9)(15 16)(14 15)(13 14)(12 13)(11 12)(10 11)(9 10)(16 17)(15 16)(14 15)(13 14)(12 13)(11 12)(10 11)(17 18)(16 17)(15 16)(23 24)(22 23)(21 22)(20 21)(19 20)(18 19)(17 18)(16 17)(15 16)(14 15)(13 14)(12 13)(11 12)(15 16)(24 25)(23 24)(22 23)(21 22)(20 21)(19 20)(18 19)(17 18)(16 17)(15 16)(14 15)(13 14)(12 13)(15 16)(25 26)(24 25)(23 24)(22 23)(21 22)(20 21)(19 20)(18 19)(17 18)(16 17)(15 16)(14 15)(13 14)(15 16)(18 19)(19 20)(23 24)(25 26)(30 31)(29 30)(28 29)(27 28)(26 27)(25 26)(24 25)(23 24)(22 23)(21 22)(20 21)(23 24)(25 26)(31 32)(30 31)(29 30)(28 29)(27 28)(26 27)(25 26)(24 25)(25 26)(32 33)(31 32)(30 31)(29 30)(28 29)(27 28)(26 27)(25 26)(24 25)(23 24)(22 23)(21 22)(20 21)(19 20)(18 19)(17 18)(16 17)(15 16)(14 15)(15 16)(18 19)(19 20)(20 21)(23 24)(24 25)(25 26)(33 34)(32 33)(31 32)(30 31)(29 30)(28 29)(27 28)(35 36)(34 35)(33 34)(32 33)(31 32)(30 31)(29 30)(28 29)(27 28)(26 27)(25 26)(24 25)(23 24)(22 23)(21 22)(20 21)(19 20)(18 19)(17 18)(18 19)(19 20)(20 21)(21 22)(22 23)(23 24)(24 25)(25 26)(27 28)(36 37)(35 36)(34 35)(33 34)(32 33)(31 32)(30 31)(29 30)(28 29)(27 28)(26 27)(25 26)(24 25)(23 24)(22 23)(21 22)(20 21)(19 20)(18 19)(17 18)(16 17)(15 16)(17 18)(18 19)(19 20)(20 21)(21 22)(22 23)(23 24)(24 25)(25 26)(26 27)(27 28)(34 35)(38 39)(37 38)(36 37)(35 36)(34 35)(33 34)(32 33)(31 32)(30 31)(34 35)(39 40)(38 39)(37 38)(36 37)(35 36)(34 35)(33 34)(32 33)(31 32)(34 35)(37 38)(40 41)(39 40)(38 39)(37 38)(36 37)(35 36)(37 38)(38 39)(41 42)(40 41)(39 40)(38 39)(37 38)(36 37)(35 36)(34 35)(33 34)(34 35)(35 36)(37 38)(38 39)(43 44)(42 43)(41 42)(40 41)(39 40)(38 39)(37 38)(36 37)(35 36)(34 35)(33 34)(32 33)(31 32)(30 31)(29 30)(28 29)(30 31)(31 32)(33 34)(34 35)(35 36)(37 38)(38 39)(40 41)(48 49)(1 50)(1 2)(2 3)(3 4)(4 5)(5 6)(6 7)(7 8)(49 50)(48 49)(47 48)(48 49)(1 50)(1 2)(2 3)(1 2)(3 4)(4 5)(5 6)(6 7)(7 8)(8 9)(7 8)(9 10)(10 11)(11 12)(12 13)(13 14)(49 50)(48 49)(47 48)(46 47)(47 48)(48 49)(1 50)(1 2)(2 3)(1 2)(3 4)(4 5)(5 6)(6 7)(7 8)(8 9)(7 8)(9 10)(10 11)(11 12)(12 13)(11 12)(49 50)(48 49)(47 48)(46 47)(45 46)(44 45)(43 44)(42 43)(41 42)(40 41)(39 40)(40 41)(46 47)(47 48)(48 49)(1 50)(1 2)(2 3)(1 2)(3 4)(49 50)(48 49)(47 48)(46 47)(45 46)(44 45)(46 47)(47 48)(48 49)(1 50)(1 2)(2 3)(1 2)(3 4)(4 5)(5 6)(4 5)(3 4)(6 7)(7 8)(8 9)(9 10)(10 11)(11 12)(12 13)(13 14)(14 15)(15 16)(49 50)(48 49)(47 48)(46 47)(45 46)(44 45)(43 44)(42 43)(41 42)(43 44)(44 45)(46 47)(47 48)(48 49)(1 50)(1 2)(2 3)(1 2)(3 4)(4 5)(5 6)(4 5)(3 4)(49 50)(1 50)(1 2)(2 3)(3 4)(4 5)
Source Permutation: 47 46 29 26 21 1 39 44 22 41 18 19 32 49 4 50 2 15 36 42 23 45 25 8 9 11 40 38 34 37 20 24 10 27 43 17 14 5 30 31 35 33 6 28 16 3 12 13 48 7 
1. After swapping objects between vertex 5 and vertex 6 : 47 46 29 26 1 21 39 44 22 41 18 19 32 49 4 50 2 15 36 42 23 45 25 8 9 11 40 38 34 37 20 24 10 27 43 17 14 5 30 31 35 33 6 28 16 3 12 13 48 7 
2. After swapping objects between vertex 4 and vertex 5 : 47 46 29 1 26 21 39 44 22 41 18 19 32 49 4 50 2 15 36 42 23 45 25 8 9 11 40 38 34 37 20 24 10 27 43 17 14 5 30 31 35 33 6 28 16 3 12 13 48 7 
3. After swapping objects between vertex 3 and vertex 4 : 47 46 1 29 26 21 39 44 22 41 18 19 32 49 4 50 2 15 36 42 23 45 25 8 9 11 40 38 34 37 20 24 10 27 43 17 14 5 30 31 35 33 6 28 16 3 12 13 48 7 
4. After swapping objects between vertex 6 and vertex 7 : 47 46 1 29 26 39 21 44 22 41 18 19 32 49 4 50 2 15 36 42 23 45 25 8 9 11 40 38 34 37 20 24 10 27 43 17 14 5 30 31 35 33 6 28 16 3 12 13 48 7 
5. After swapping objects between vertex 5 and vertex 6 : 47 46 1 29 39 26 21 44 22 41 18 19 32 49 4 50 2 15 36 42 23 45 25 8 9 11 40 38 34 37 20 24 10 27 43 17 14 5 30 31 35 33 6 28 16 3 12 13 48 7 
6. After swapping objects between vertex 4 and vertex 5 : 47 46 1 39 29 26 21 44 22 41 18 19 32 49 4 50 2 15 36 42 23 45 25 8 9 11 40 38 34 37 20 24 10 27 43 17 14 5 30 31 35 33 6 28 16 3 12 13 48 7 
7. After swapping objects between vertex 7 and vertex 8 : 47 46 1 39 29 26 44 21 22 41 18 19 32 49 4 50 2 15 36 42 23 45 25 8 9 11 40 38 34 37 20 24 10 27 43 17 14 5 30 31 35 33 6 28 16 3 12 13 48 7 
8. After swapping objects between vertex 6 and vertex 7 : 47 46 1 39 29 44 26 21 22 41 18 19 32 49 4 50 2 15 36 42 23 45 25 8 9 11 40 38 34 37 20 24 10 27 43 17 14 5 30 31 35 33 6 28 16 3 12 13 48 7 
9. After swapping objects between vertex 5 and vertex 6 : 47 46 1 39 44 29 26 21 22 41 18 19 32 49 4 50 2 15 36 42 23 45 25 8 9 11 40 38 34 37 20 24 10 27 43 17 14 5 30 31 35 33 6 28 16 3 12 13 48 7 
10. After swapping objects between vertex 9 and vertex 10 : 47 46 1 39 44 29 26 21 41 22 18 19 32 49 4 50 2 15 36 42 23 45 25 8 9 11 40 38 34 37 20 24 10 27 43 17 14 5 30 31 35 33 6 28 16 3 12 13 48 7 
11. After swapping objects between vertex 8 and vertex 9 : 47 46 1 39 44 29 26 41 21 22 18 19 32 49 4 50 2 15 36 42 23 45 25 8 9 11 40 38 34 37 20 24 10 27 43 17 14 5 30 31 35 33 6 28 16 3 12 13 48 7 
12. After swapping objects between vertex 7 and vertex 8 : 47 46 1 39 44 29 41 26 21 22 18 19 32 49 4 50 2 15 36 42 23 45 25 8 9 11 40 38 34 37 20 24 10 27 43 17 14 5 30 31 35 33 6 28 16 3 12 13 48 7 
13. After swapping objects between vertex 6 and vertex 7 : 47 46 1 39 44 41 29 26 21 22 18 19 32 49 4 50 2 15 36 42 23 45 25 8 9 11 40 38 34 37 20 24 10 27 43 17 14 5 30 31 35 33 6 28 16 3 12 13 48 7 
14. After swapping objects between vertex 13 and vertex 14 : 47 46 1 39 44 41 29 26 21 22 18 19 49 32 4 50 2 15 36 42 23 45 25 8 9 11 40 38 34 37 20 24 10 27 43 17 14 5 30 31 35 33 6 28 16 3 12 13 48 7 
15. After swapping objects between vertex 12 and vertex 13 : 47 46 1 39 44 41 29 26 21 22 18 49 19 32 4 50 2 15 36 42 23 45 25 8 9 11 40 38 34 37 20 24 10 27 43 17 14 5 30 31 35 33 6 28 16 3 12 13 48 7 
16. After swapping objects between vertex 11 and vertex 12 : 47 46 1 39 44 41 29 26 21 22 49 18 19 32 4 50 2 15 36 42 23 45 25 8 9 11 40 38 34 37 20 24 10 27 43 17 14 5 30 31 35 33 6 28 16 3 12 13 48 7 
17. After swapping objects between vertex 10 and vertex 11 : 47 46 1 39 44 41 29 26 21 49 22 18 19 32 4 50 2 15 36 42 23 45 25 8 9 11 40 38 34 37 20 24 10 27 43 17 14 5 30 31 35 33 6 28 16 3 12 13 48 7 
18. After swapping objects between vertex 9 and vertex 10 : 47 46 1 39 44 41 29 26 49 21 22 18 19 32 4 50 2 15 36 42 23 45 25 8 9 11 40 38 34 37 20 24 10 27 43 17 14 5 30 31 35 33 6 28 16 3 12 13 48 7 
19. After swapping objects between vertex 8 and vertex 9 : 47 46 1 39 44 41 29 49 26 21 22 18 19 32 4 50 2 15 36 42 23 45 25 8 9 11 40 38 34 37 20 24 10 27 43 17 14 5 30 31 35 33 6 28 16 3 12 13 48 7 
20. After swapping objects between vertex 7 and vertex 8 : 47 46 1 39 44 41 49 29 26 21 22 18 19 32 4 50 2 15 36 42 23 45 25 8 9 11 40 38 34 37 20 24 10 27 43 17 14 5 30 31 35 33 6 28 16 3 12 13 48 7 
21. After swapping objects between vertex 14 and vertex 15 : 47 46 1 39 44 41 49 29 26 21 22 18 19 4 32 50 2 15 36 42 23 45 25 8 9 11 40 38 34 37 20 24 10 27 43 17 14 5 30 31 35 33 6 28 16 3 12 13 48 7 
22. After swapping objects between vertex 13 and vertex 14 : 47 46 1 39 44 41 49 29 26 21 22 18 4 19 32 50 2 15 36 42 23 45 25 8 9 11 40 38 34 37 20 24 10 27 43 17 14 5 30 31 35 33 6 28 16 3 12 13 48 7 
23. After swapping objects between vertex 12 and vertex 13 : 47 46 1 39 44 41 49 29 26 21 22 4 18 19 32 50 2 15 36 42 23 45 25 8 9 11 40 38 34 37 20 24 10 27 43 17 14 5 30 31 35 33 6 28 16 3 12 13 48 7 
24. After swapping objects between vertex 11 and vertex 12 : 47 46 1 39 44 41 49 29 26 21 4 22 18 19 32 50 2 15 36 42 23 45 25 8 9 11 40 38 34 37 20 24 10 27 43 17 14 5 30 31 35 33 6 28 16 3 12 13 48 7 
25. After swapping objects between vertex 10 and vertex 11 : 47 46 1 39 44 41 49 29 26 4 21 22 18 19 32 50 2 15 36 42 23 45 25 8 9 11 40 38 34 37 20 24 10 27 43 17 14 5 30 31 35 33 6 28 16 3 12 13 48 7 
26. After swapping objects between vertex 9 and vertex 10 : 47 46 1 39 44 41 49 29 4 26 21 22 18 19 32 50 2 15 36 42 23 45 25 8 9 11 40 38 34 37 20 24 10 27 43 17 14 5 30 31 35 33 6 28 16 3 12 13 48 7 
27. After swapping objects between vertex 8 and vertex 9 : 47 46 1 39 44 41 49 4 29 26 21 22 18 19 32 50 2 15 36 42 23 45 25 8 9 11 40 38 34 37 20 24 10 27 43 17 14 5 30 31 35 33 6 28 16 3 12 13 48 7 
28. After swapping objects between vertex 15 and vertex 16 : 47 46 1 39 44 41 49 4 29 26 21 22 18 19 50 32 2 15 36 42 23 45 25 8 9 11 40 38 34 37 20 24 10 27 43 17 14 5 30 31 35 33 6 28 16 3 12 13 48 7 
29. After swapping objects between vertex 14 and vertex 15 : 47 46 1 39 44 41 49 4 29 26 21 22 18 50 19 32 2 15 36 42 23 45 25 8 9 11 40 38 34 37 20 24 10 27 43 17 14 5 30 31 35 33 6 28 16 3 12 13 48 7 
30. After swapping objects between vertex 13 and vertex 14 : 47 46 1 39 44 41 49 4 29 26 21 22 50 18 19 32 2 15 36 42 23 45 25 8 9 11 40 38 34 37 20 24 10 27 43 17 14 5 30 31 35 33 6 28 16 3 12 13 48 7 
31. After swapping objects between vertex 12 and vertex 13 : 47 46 1 39 44 41 49 4 29 26 21 50 22 18 19 32 2 15 36 42 23 45 25 8 9 11 40 38 34 37 20 24 10 27 43 17 14 5 30 31 35 33 6 28 16 3 12 13 48 7 
32. After swapping objects between vertex 11 and vertex 12 : 47 46 1 39 44 41 49 4 29 26 50 21 22 18 19 32 2 15 36 42 23 45 25 8 9 11 40 38 34 37 20 24 10 27 43 17 14 5 30 31 35 33 6 28 16 3 12 13 48 7 
33. After swapping objects between vertex 10 and vertex 11 : 47 46 1 39 44 41 49 4 29 50 26 21 22 18 19 32 2 15 36 42 23 45 25 8 9 11 40 38 34 37 20 24 10 27 43 17 14 5 30 31 35 33 6 28 16 3 12 13 48 7 
34. After swapping objects between vertex 9 and vertex 10 : 47 46 1 39 44 41 49 4 50 29 26 21 22 18 19 32 2 15 36 42 23 45 25 8 9 11 40 38 34 37 20 24 10 27 43 17 14 5 30 31 35 33 6 28 16 3 12 13 48 7 
35. After swapping objects between vertex 16 and vertex 17 : 47 46 1 39 44 41 49 4 50 29 26 21 22 18 19 2 32 15 36 42 23 45 25 8 9 11 40 38 34 37 20 24 10 27 43 17 14 5 30 31 35 33 6 28 16 3 12 13 48 7 
36. After swapping objects between vertex 15 and vertex 16 : 47 46 1 39 44 41 49 4 50 29 26 21 22 18 2 19 32 15 36 42 23 45 25 8 9 11 40 38 34 37 20 24 10 27 43 17 14 5 30 31 35 33 6 28 16 3 12 13 48 7 
37. After swapping objects between vertex 14 and vertex 15 : 47 46 1 39 44 41 49 4 50 29 26 21 22 2 18 19 32 15 36 42 23 45 25 8 9 11 40 38 34 37 20 24 10 27 43 17 14 5 30 31 35 33 6 28 16 3 12 13 48 7 
38. After swapping objects between vertex 13 and vertex 14 : 47 46 1 39 44 41 49 4 50 29 26 21 2 22 18 19 32 15 36 42 23 45 25 8 9 11 40 38 34 37 20 24 10 27 43 17 14 5 30 31 35 33 6 28 16 3 12 13 48 7 
39. After swapping objects between vertex 12 and vertex 13 : 47 46 1 39 44 41 49 4 50 29 26 2 21 22 18 19 32 15 36 42 23 45 25 8 9 11 40 38 34 37 20 24 10 27 43 17 14 5 30 31 35 33 6 28 16 3 12 13 48 7 
40. After swapping objects between vertex 11 and vertex 12 : 47 46 1 39 44 41 49 4 50 29 2 26 21 22 18 19 32 15 36 42 23 45 25 8 9 11 40 38 34 37 20 24 10 27 43 17 14 5 30 31 35 33 6 28 16 3 12 13 48 7 
41. After swapping objects between vertex 10 and vertex 11 : 47 46 1 39 44 41 49 4 50 2 29 26 21 22 18 19 32 15 36 42 23 45 25 8 9 11 40 38 34 37 20 24 10 27 43 17 14 5 30 31 35 33 6 28 16 3 12 13 48 7 
42. After swapping objects between vertex 17 and vertex 18 : 47 46 1 39 44 41 49 4 50 2 29 26 21 22 18 19 15 32 36 42 23 45 25 8 9 11 40 38 34 37 20 24 10 27 43 17 14 5 30 31 35 33 6 28 16 3 12 13 48 7 
43. After swapping objects between vertex 16 and vertex 17 : 47 46 1 39 44 41 49 4 50 2 29 26 21 22 18 15 19 32 36 42 23 45 25 8 9 11 40 38 34 37 20 24 10 27 43 17 14 5 30 31 35 33 6 28 16 3 12 13 48 7 
44. After swapping objects between vertex 15 and vertex 16 : 47 46 1 39 44 41 49 4 50 2 29 26 21 22 15 18 19 32 36 42 23 45 25 8 9 11 40 38 34 37 20 24 10 27 43 17 14 5 30 31 35 33 6 28 16 3 12 13 48 7 
45. After swapping objects between vertex 23 and vertex 24 : 47 46 1 39 44 41 49 4 50 2 29 26 21 22 15 18 19 32 36 42 23 45 8 25 9 11 40 38 34 37 20 24 10 27 43 17 14 5 30 31 35 33 6 28 16 3 12 13 48 7 
46. After swapping objects between vertex 22 and vertex 23 : 47 46 1 39 44 41 49 4 50 2 29 26 21 22 15 18 19 32 36 42 23 8 45 25 9 11 40 38 34 37 20 24 10 27 43 17 14 5 30 31 35 33 6 28 16 3 12 13 48 7 
47. After swapping objects between vertex 21 and vertex 22 : 47 46 1 39 44 41 49 4 50 2 29 26 21 22 15 18 19 32 36 42 8 23 45 25 9 11 40 38 34 37 20 24 10 27 43 17 14 5 30 31 35 33 6 28 16 3 12 13 48 7 
48. After swapping objects between vertex 20 and vertex 21 : 47 46 1 39 44 41 49 4 50 2 29 26 21 22 15 18 19 32 36 8 42 23 45 25 9 11 40 38 34 37 20 24 10 27 43 17 14 5 30 31 35 33 6 28 16 3 12 13 48 7 
49. After swapping objects between vertex 19 and vertex 20 : 47 46 1 39 44 41 49 4 50 2 29 26 21 22 15 18 19 32 8 36 42 23 45 25 9 11 40 38 34 37 20 24 10 27 43 17 14 5 30 31 35 33 6 28 16 3 12 13 48 7 
50. After swapping objects between vertex 18 and vertex 19 : 47 46 1 39 44 41 49 4 50 2 29 26 21 22 15 18 19 8 32 36 42 23 45 25 9 11 40 38 34 37 20 24 10 27 43 17 14 5 30 31 35 33 6 28 16 3 12 13 48 7 
51. After swapping objects between vertex 17 and vertex 18 : 47 46 1 39 44 41 49 4 50 2 29 26 21 22 15 18 8 19 32 36 42 23 45 25 9 11 40 38 34 37 20 24 10 27 43 17 14 5 30 31 35 33 6 28 16 3 12 13 48 7 
52. After swapping objects between vertex 16 and vertex 17 : 47 46 1 39 44 41 49 4 50 2 29 26 21 22 15 8 18 19 32 36 42 23 45 25 9 11 40 38 34 37 20 24 10 27 43 17 14 5 30 31 35 33 6 28 16 3 12 13 48 7 
53. After swapping objects between vertex 15 and vertex 16 : 47 46 1 39 44 41 49 4 50 2 29 26 21 22 8 15 18 19 32 36 42 23 45 25 9 11 40 38 34 37 20 24 10 27 43 17 14 5 30 31 35 33 6 28 16 3 12 13 48 7 
54. After swapping objects between vertex 14 and vertex 15 : 47 46 1 39 44 41 49 4 50 2 29 26 21 8 22 15 18 19 32 36 42 23 45 25 9 11 40 38 34 37 20 24 10 27 43 17 14 5 30 31 35 33 6 28 16 3 12 13 48 7 
55. After swapping objects between vertex 13 and vertex 14 : 47 46 1 39 44 41 49 4 50 2 29 26 8 21 22 15 18 19 32 36 42 23 45 25 9 11 40 38 34 37 20 24 10 27 43 17 14 5 30 31 35 33 6 28 16 3 12 13 48 7 
56. After swapping objects between vertex 12 and vertex 13 : 47 46 1 39 44 41 49 4 50 2 29 8 26 21 22 15 18 19 32 36 42 23 45 25 9 11 40 38 34 37 20 24 10 27 43 17 14 5 30 31 35 33 6 28 16 3 12 13 48 7 
57. After swapping objects between vertex 11 and vertex 12 : 47 46 1 39 44 41 49 4 50 2 8 29 26 21 22 15 18 19 32 36 42 23 45 25 9 11 40 38 34 37 20 24 10 27 43 17 14 5 30 31 35 33 6 28 16 3 12 13 48 7 
58. After swapping objects between vertex 15 and vertex 16 : 47 46 1 39 44 41 49 4 50 2 8 29 26 21 15 22 18 19 32 36 42 23 45 25 9 11 40 38 34 37 20 24 10 27 43 17 14 5 30 31 35 33 6 28 16 3 12 13 48 7 
59. After swapping objects between vertex 24 and vertex 25 : 47 46 1 39 44 41 49 4 50 2 8 29 26 21 15 22 18 19 32 36 42 23 45 9 25 11 40 38 34 37 20 24 10 27 43 17 14 5 30 31 35 33 6 28 16 3 12 13 48 7 
60. After swapping objects between vertex 23 and vertex 24 : 47 46 1 39 44 41 49 4 50 2 8 29 26 21 15 22 18 19 32 36 42 23 9 45 25 11 40 38 34 37 20 24 10 27 43 17 14 5 30 31 35 33 6 28 16 3 12 13 48 7 
61. After swapping objects between vertex 22 and vertex 23 : 47 46 1 39 44 41 49 4 50 2 8 29 26 21 15 22 18 19 32 36 42 9 23 45 25 11 40 38 34 37 20 24 10 27 43 17 14 5 30 31 35 33 6 28 16 3 12 13 48 7 
62. After swapping objects between vertex 21 and vertex 22 : 47 46 1 39 44 41 49 4 50 2 8 29 26 21 15 22 18 19 32 36 9 42 23 45 25 11 40 38 34 37 20 24 10 27 43 17 14 5 30 31 35 33 6 28 16 3 12 13 48 7 
63. After swapping objects between vertex 20 and vertex 21 : 47 46 1 39 44 41 49 4 50 2 8 29 26 21 15 22 18 19 32 9 36 42 23 45 25 11 40 38 34 37 20 24 10 27 43 17 14 5 30 31 35 33 6 28 16 3 12 13 48 7 
64. After swapping objects between vertex 19 and vertex 20 : 47 46 1 39 44 41 49 4 50 2 8 29 26 21 15 22 18 19 9 32 36 42 23 45 25 11 40 38 34 37 20 24 10 27 43 17 14 5 30 31 35 33 6 28 16 3 12 13 48 7 
65. After swapping objects between vertex 18 and vertex 19 : 47 46 1 39 44 41 49 4 50 2 8 29 26 21 15 22 18 9 19 32 36 42 23 45 25 11 40 38 34 37 20 24 10 27 43 17 14 5 30 31 35 33 6 28 16 3 12 13 48 7 
66. After swapping objects between vertex 17 and vertex 18 : 47 46 1 39 44 41 49 4 50 2 8 29 26 21 15 22 9 18 19 32 36 42 23 45 25 11 40 38 34 37 20 24 10 27 43 17 14 5 30 31 35 33 6 28 16 3 12 13 48 7 
67. After swapping objects between vertex 16 and vertex 17 : 47 46 1 39 44 41 49 4 50 2 8 29 26 21 15 9 22 18 19 32 36 42 23 45 25 11 40 38 34 37 20 24 10 27 43 17 14 5 30 31 35 33 6 28 16 3 12 13 48 7 
68. After swapping objects between vertex 15 and vertex 16 : 47 46 1 39 44 41 49 4 50 2 8 29 26 21 9 15 22 18 19 32 36 42 23 45 25 11 40 38 34 37 20 24 10 27 43 17 14 5 30 31 35 33 6 28 16 3 12 13 48 7 
69. After swapping objects between vertex 14 and vertex 15 : 47 46 1 39 44 41 49 4 50 2 8 29 26 9 21 15 22 18 19 32 36 42 23 45 25 11 40 38 34 37 20 24 10 27 43 17 14 5 30 31 35 33 6 28 16 3 12 13 48 7 
70. After swapping objects between vertex 13 and vertex 14 : 47 46 1 39 44 41 49 4 50 2 8 29 9 26 21 15 22 18 19 32 36 42 23 45 25 11 40 38 34 37 20 24 10 27 43 17 14 5 30 31 35 33 6 28 16 3 12 13 48 7 
71. After swapping objects between vertex 12 and vertex 13 : 47 46 1 39 44 41 49 4 50 2 8 9 29 26 21 15 22 18 19 32 36 42 23 45 25 11 40 38 34 37 20 24 10 27 43 17 14 5 30 31 35 33 6 28 16 3 12 13 48 7 
72. After swapping objects between vertex 15 and vertex 16 : 47 46 1 39 44 41 49 4 50 2 8 9 29 26 15 21 22 18 19 32 36 42 23 45 25 11 40 38 34 37 20 24 10 27 43 17 14 5 30 31 35 33 6 28 16 3 12 13 48 7 
73. After swapping objects between vertex 25 and vertex 26 : 47 46 1 39 44 41 49 4 50 2 8 9 29 26 15 21 22 18 19 32 36 42 23 45 11 25 40 38 34 37 20 24 10 27 43 17 14 5 30 31 35 33 6 28 16 3 12 13 48 7 
74. After swapping objects between vertex 24 and vertex 25 : 47 46 1 39 44 41 49 4 50 2 8 9 29 26 15 21 22 18 19 32 36 42 23 11 45 25 40 38 34 37 20 24 10 27 43 17 14 5 30 31 35 33 6 28 16 3 12 13 48 7 
75. After swapping objects between vertex 23 and vertex 24 : 47 46 1 39 44 41 49 4 50 2 8 9 29 26 15 21 22 18 19 32 36 42 11 23 45 25 40 38 34 37 20 24 10 27 43 17 14 5 30 31 35 33 6 28 16 3 12 13 48 7 
76. After swapping objects between vertex 22 and vertex 23 : 47 46 1 39 44 41 49 4 50 2 8 9 29 26 15 21 22 18 19 32 36 11 42 23 45 25 40 38 34 37 20 24 10 27 43 17 14 5 30 31 35 33 6 28 16 3 12 13 48 7 
77. After swapping objects between vertex 21 and vertex 22 : 47 46 1 39 44 41 49 4 50 2 8 9 29 26 15 21 22 18 19 32 11 36 42 23 45 25 40 38 34 37 20 24 10 27 43 17 14 5 30 31 35 33 6 28 16 3 12 13 48 7 
78. After swapping objects between vertex 20 and vertex 21 : 47 46 1 39 44 41 49 4 50 2 8 9 29 26 15 21 22 18 19 11 32 36 42 23 45 25 40 38 34 37 20 24 10 27 43 17 14 5 30 31 35 33 6 28 16 3 12 13 48 7 
79. After swapping objects between vertex 19 and vertex 20 : 47 46 1 39 44 41 49 4 50 2 8 9 29 26 15 21 22 18 11 19 32 36 42 23 45 25 40 38 34 37 20 24 10 27 43 17 14 5 30 31 35 33 6 28 16 3 12 13 48 7 
80. After swapping objects between vertex 18 and vertex 19 : 47 46 1 39 44 41 49 4 50 2 8 9 29 26 15 21 22 11 18 19 32 36 42 23 45 25 40 38 34 37 20 24 10 27 43 17 14 5 30 31 35 33 6 28 16 3 12 13 48 7 
81. After swapping objects between vertex 17 and vertex 18 : 47 46 1 39 44 41 49 4 50 2 8 9 29 26 15 21 11 22 18 19 32 36 42 23 45 25 40 38 34 37 20 24 10 27 43 17 14 5 30 31 35 33 6 28 16 3 12 13 48 7 
82. After swapping objects between vertex 16 and vertex 17 : 47 46 1 39 44 41 49 4 50 2 8 9 29 26 15 11 21 22 18 19 32 36 42 23 45 25 40 38 34 37 20 24 10 27 43 17 14 5 30 31 35 33 6 28 16 3 12 13 48 7 
83. After swapping objects between vertex 15 and vertex 16 : 47 46 1 39 44 41 49 4 50 2 8 9 29 26 11 15 21 22 18 19 32 36 42 23 45 25 40 38 34 37 20 24 10 27 43 17 14 5 30 31 35 33 6 28 16 3 12 13 48 7 
84. After swapping objects between vertex 14 and vertex 15 : 47 46 1 39 44 41 49 4 50 2 8 9 29 11 26 15 21 22 18 19 32 36 42 23 45 25 40 38 34 37 20 24 10 27 43 17 14 5 30 31 35 33 6 28 16 3 12 13 48 7 
85. After swapping objects between vertex 13 and vertex 14 : 47 46 1 39 44 41 49 4 50 2 8 9 11 29 26 15 21 22 18 19 32 36 42 23 45 25 40 38 34 37 20 24 10 27 43 17 14 5 30 31 35 33 6 28 16 3 12 13 48 7 
86. After swapping objects between vertex 15 and vertex 16 : 47 46 1 39 44 41 49 4 50 2 8 9 11 29 15 26 21 22 18 19 32 36 42 23 45 25 40 38 34 37 20 24 10 27 43 17 14 5 30 31 35 33 6 28 16 3 12 13 48 7 
87. After swapping objects between vertex 18 and vertex 19 : 47 46 1 39 44 41 49 4 50 2 8 9 11 29 15 26 21 18 22 19 32 36 42 23 45 25 40 38 34 37 20 24 10 27 43 17 14 5 30 31 35 33 6 28 16 3 12 13 48 7 
88. After swapping objects between vertex 19 and vertex 20 : 47 46 1 39 44 41 49 4 50 2 8 9 11 29 15 26 21 18 19 22 32 36 42 23 45 25 40 38 34 37 20 24 10 27 43 17 14 5 30 31 35 33 6 28 16 3 12 13 48 7 
89. After swapping objects between vertex 23 and vertex 24 : 47 46 1 39 44 41 49 4 50 2 8 9 11 29 15 26 21 18 19 22 32 36 23 42 45 25 40 38 34 37 20 24 10 27 43 17 14 5 30 31 35 33 6 28 16 3 12 13 48 7 
90. After swapping objects between vertex 25 and vertex 26 : 47 46 1 39 44 41 49 4 50 2 8 9 11 29 15 26 21 18 19 22 32 36 23 42 25 45 40 38 34 37 20 24 10 27 43 17 14 5 30 31 35 33 6 28 16 3 12 13 48 7 
91. After swapping objects between vertex 30 and vertex 31 : 47 46 1 39 44 41 49 4 50 2 8 9 11 29 15 26 21 18 19 22 32 36 23 42 25 45 40 38 34 20 37 24 10 27 43 17 14 5 30 31 35 33 6 28 16 3 12 13 48 7 
92. After swapping objects between vertex 29 and vertex 30 : 47 46 1 39 44 41 49 4 50 2 8 9 11 29 15 26 21 18 19 22 32 36 23 42 25 45 40 38 20 34 37 24 10 27 43 17 14 5 30 31 35 33 6 28 16 3 12 13 48 7 
93. After swapping objects between vertex 28 and vertex 29 : 47 46 1 39 44 41 49 4 50 2 8 9 11 29 15 26 21 18 19 22 32 36 23 42 25 45 40 20 38 34 37 24 10 27 43 17 14 5 30 31 35 33 6 28 16 3 12 13 48 7 
94. After swapping objects between vertex 27 and vertex 28 : 47 46 1 39 44 41 49 4 50 2 8 9 11 29 15 26 21 18 19 22 32 36 23 42 25 45 20 40 38 34 37 24 10 27 43 17 14 5 30 31 35 33 6 28 16 3 12 13 48 7 
95. After swapping objects between vertex 26 and vertex 27 : 47 46 1 39 44 41 49 4 50 2 8 9 11 29 15 26 21 18 19 22 32 36 23 42 25 20 45 40 38 34 37 24 10 27 43 17 14 5 30 31 35 33 6 28 16 3 12 13 48 7 
96. After swapping objects between vertex 25 and vertex 26 : 47 46 1 39 44 41 49 4 50 2 8 9 11 29 15 26 21 18 19 22 32 36 23 42 20 25 45 40 38 34 37 24 10 27 43 17 14 5 30 31 35 33 6 28 16 3 12 13 48 7 
97. After swapping objects between vertex 24 and vertex 25 : 47 46 1 39 44 41 49 4 50 2 8 9 11 29 15 26 21 18 19 22 32 36 23 20 42 25 45 40 38 34 37 24 10 27 43 17 14 5 30 31 35 33 6 28 16 3 12 13 48 7 
98. After swapping objects between vertex 23 and vertex 24 : 47 46 1 39 44 41 49 4 50 2 8 9 11 29 15 26 21 18 19 22 32 36 20 23 42 25 45 40 38 34 37 24 10 27 43 17 14 5 30 31 35 33 6 28 16 3 12 13 48 7 
99. After swapping objects between vertex 22 and vertex 23 : 47 46 1 39 44 41 49 4 50 2 8 9 11 29 15 26 21 18 19 22 32 20 36 23 42 25 45 40 38 34 37 24 10 27 43 17 14 5 30 31 35 33 6 28 16 3 12 13 48 7 
100. After swapping objects between vertex 21 and vertex 22 : 47 46 1 39 44 41 49 4 50 2 8 9 11 29 15 26 21 18 19 22 20 32 36 23 42 25 45 40 38 34 37 24 10 27 43 17 14 5 30 31 35 33 6 28 16 3 12 13 48 7 
101. After swapping objects between vertex 20 and vertex 21 : 47 46 1 39 44 41 49 4 50 2 8 9 11 29 15 26 21 18 19 20 22 32 36 23 42 25 45 40 38 34 37 24 10 27 43 17 14 5 30 31 35 33 6 28 16 3 12 13 48 7 
102. After swapping objects between vertex 23 and vertex 24 : 47 46 1 39 44 41 49 4 50 2 8 9 11 29 15 26 21 18 19 20 22 32 23 36 42 25 45 40 38 34 37 24 10 27 43 17 14 5 30 31 35 33 6 28 16 3 12 13 48 7 
103. After swapping objects between vertex 25 and vertex 26 : 47 46 1 39 44 41 49 4 50 2 8 9 11 29 15 26 21 18 19 20 22 32 23 36 25 42 45 40 38 34 37 24 10 27 43 17 14 5 30 31 35 33 6 28 16 3 12 13 48 7 
104. After swapping objects between vertex 31 and vertex 32 : 47 46 1 39 44 41 49 4 50 2 8 9 11 29 15 26 21 18 19 20 22 32 23 36 25 42 45 40 38 34 24 37 10 27 43 17 14 5 30 31 35 33 6 28 16 3 12 13 48 7 
105. After swapping objects between vertex 30 and vertex 31 : 47 46 1 39 44 41 49 4 50 2 8 9 11 29 15 26 21 18 19 20 22 32 23 36 25 42 45 40 38 24 34 37 10 27 43 17 14 5 30 31 35 33 6 28 16 3 12 13 48 7 
106. After swapping objects between vertex 29 and vertex 30 : 47 46 1 39 44 41 49 4 50 2 8 9 11 29 15 26 21 18 19 20 22 32 23 36 25 42 45 40 24 38 34 37 10 27 43 17 14 5 30 31 35 33 6 28 16 3 12 13 48 7 
107. After swapping objects between vertex 28 and vertex 29 : 47 46 1 39 44 41 49 4 50 2 8 9 11 29 15 26 21 18 19 20 22 32 23 36 25 42 45 24 40 38 34 37 10 27 43 17 14 5 30 31 35 33 6 28 16 3 12 13 48 7 
108. After swapping objects between vertex 27 and vertex 28 : 47 46 1 39 44 41 49 4 50 2 8 9 11 29 15 26 21 18 19 20 22 32 23 36 25 42 24 45 40 38 34 37 10 27 43 17 14 5 30 31 35 33 6 28 16 3 12 13 48 7 
109. After swapping objects between vertex 26 and vertex 27 : 47 46 1 39 44 41 49 4 50 2 8 9 11 29 15 26 21 18 19 20 22 32 23 36 25 24 42 45 40 38 34 37 10 27 43 17 14 5 30 31 35 33 6 28 16 3 12 13 48 7 
110. After swapping objects between vertex 25 and vertex 26 : 47 46 1 39 44 41 49 4 50 2 8 9 11 29 15 26 21 18 19 20 22 32 23 36 24 25 42 45 40 38 34 37 10 27 43 17 14 5 30 31 35 33 6 28 16 3 12 13 48 7 
111. After swapping objects between vertex 24 and vertex 25 : 47 46 1 39 44 41 49 4 50 2 8 9 11 29 15 26 21 18 19 20 22 32 23 24 36 25 42 45 40 38 34 37 10 27 43 17 14 5 30 31 35 33 6 28 16 3 12 13 48 7 
112. After swapping objects between vertex 25 and vertex 26 : 47 46 1 39 44 41 49 4 50 2 8 9 11 29 15 26 21 18 19 20 22 32 23 24 25 36 42 45 40 38 34 37 10 27 43 17 14 5 30 31 35 33 6 28 16 3 12 13 48 7 
113. After swapping objects between vertex 32 and vertex 33 : 47 46 1 39 44 41 49 4 50 2 8 9 11 29 15 26 21 18 19 20 22 32 23 24 25 36 42 45 40 38 34 10 37 27 43 17 14 5 30 31 35 33 6 28 16 3 12 13 48 7 
114. After swapping objects between vertex 31 and vertex 32 : 47 46 1 39 44 41 49 4 50 2 8 9 11 29 15 26 21 18 19 20 22 32 23 24 25 36 42 45 40 38 10 34 37 27 43 17 14 5 30 31 35 33 6 28 16 3 12 13 48 7 
115. After swapping objects between vertex 30 and vertex 31 : 47 46 1 39 44 41 49 4 50 2 8 9 11 29 15 26 21 18 19 20 22 32 23 24 25 36 42 45 40 10 38 34 37 27 43 17 14 5 30 31 35 33 6 28 16 3 12 13 48 7 
116. After swapping objects between vertex 29 and vertex 30 : 47 46 1 39 44 41 49 4 50 2 8 9 11 29 15 26 21 18 19 20 22 32 23 24 25 36 42 45 10 40 38 34 37 27 43 17 14 5 30 31 35 33 6 28 16 3 12 13 48 7 
117. After swapping objects between vertex 28 and vertex 29 : 47 46 1 39 44 41 49 4 50 2 8 9 11 29 15 26 21 18 19 20 22 32 23 24 25 36 42 10 45 40 38 34 37 27 43 17 14 5 30 31 35 33 6 28 16 3 12 13 48 7 
118. After swapping objects between vertex 27 and vertex 28 : 47 46 1 39 44 41 49 4 50 2 8 9 11 29 15 26 21 18 19 20 22 32 23 24 25 36 10 42 45 40 38 34 37 27 43 17 14 5 30 31 35 33 6 28 16 3 12 13 48 7 
119. After swapping objects between vertex 26 and vertex 27 : 47 46 1 39 44 41 49 4 50 2 8 9 11 29 15 26 21 18 19 20 22 32 23 24 25 10 36 42 45 40 38 34 37 27 43 17 14 5 30 31 35 33 6 28 16 3 12 13 48 7 
120. After swapping objects between vertex 25 and vertex 26 : 47 46 1 39 44 41 49 4 50 2 8 9 11 29 15 26 21 18 19 20 22 32 23 24 10 25 36 42 45 40 38 34 37 27 43 17 14 5 30 31 35 33 6 28 16 3 12 13 48 7 
121. After swapping objects between vertex 24 and vertex 25 : 47 46 1 39 44 41 49 4 50 2 8 9 11 29 15 26 21 18 19 20 22 32 23 10 24 25 36 42 45 40 38 34 37 27 43 17 14 5 30 31 35 33 6 28 16 3 12 13 48 7 
122. After swapping objects between vertex 23 and vertex 24 : 47 46 1 39 44 41 49 4 50 2 8 9 11 29 15 26 21 18 19 20 22 32 10 23 24 25 36 42 45 40 38 34 37 27 43 17 14 5 30 31 35 33 6 28 16 3 12 13 48 7 
123. After swapping objects between vertex 22 and vertex 23 : 47 46 1 39 44 41 49 4 50 2 8 9 11 29 15 26 21 18 19 20 22 10 32 23 24 25 36 42 45 40 38 34 37 27 43 17 14 5 30 31 35 33 6 28 16 3 12 13 48 7 
124. After swapping objects between vertex 21 and vertex 22 : 47 46 1 39 44 41 49 4 50 2 8 9 11 29 15 26 21 18 19 20 10 22 32 23 24 25 36 42 45 40 38 34 37 27 43 17 14 5 30 31 35 33 6 28 16 3 12 13 48 7 
125. After swapping objects between vertex 20 and vertex 21 : 47 46 1 39 44 41 49 4 50 2 8 9 11 29 15 26 21 18 19 10 20 22 32 23 24 25 36 42 45 40 38 34 37 27 43 17 14 5 30 31 35 33 6 28 16 3 12 13 48 7 
126. After swapping objects between vertex 19 and vertex 20 : 47 46 1 39 44 41 49 4 50 2 8 9 11 29 15 26 21 18 10 19 20 22 32 23 24 25 36 42 45 40 38 34 37 27 43 17 14 5 30 31 35 33 6 28 16 3 12 13 48 7 
127. After swapping objects between vertex 18 and vertex 19 : 47 46 1 39 44 41 49 4 50 2 8 9 11 29 15 26 21 10 18 19 20 22 32 23 24 25 36 42 45 40 38 34 37 27 43 17 14 5 30 31 35 33 6 28 16 3 12 13 48 7 
128. After swapping objects between vertex 17 and vertex 18 : 47 46 1 39 44 41 49 4 50 2 8 9 11 29 15 26 10 21 18 19 20 22 32 23 24 25 36 42 45 40 38 34 37 27 43 17 14 5 30 31 35 33 6 28 16 3 12 13 48 7 
129. After swapping objects between vertex 16 and vertex 17 : 47 46 1 39 44 41 49 4 50 2 8 9 11 29 15 10 26 21 18 19 20 22 32 23 24 25 36 42 45 40 38 34 37 27 43 17 14 5 30 31 35 33 6 28 16 3 12 13 48 7 
130. After swapping objects between vertex 15 and vertex 16 : 47 46 1 39 44 41 49 4 50 2 8 9 11 29 10 15 26 21 18 19 20 22 32 23 24 25 36 42 45 40 38 34 37 27 43 17 14 5 30 31 35 33 6 28 16 3 12 13 48 7 
131. After swapping objects between vertex 14 and vertex 15 : 47 46 1 39 44 41 49 4 50 2 8 9 11 10 29 15 26 21 18 19 20 22 32 23 24 25 36 42 45 40 38 34 37 27 43 17 14 5 30 31 35 33 6 28 16 3 12 13 48 7 
132. After swapping objects between vertex 15 and vertex 16 : 47 46 1 39 44 41 49 4 50 2 8 9 11 10 15 29 26 21 18 19 20 22 32 23 24 25 36 42 45 40 38 34 37 27 43 17 14 5 30 31 35 33 6 28 16 3 12 13 48 7 
133. After swapping objects between vertex 18 and vertex 19 : 47 46 1 39 44 41 49 4 50 2 8 9 11 10 15 29 26 18 21 19 20 22 32 23 24 25 36 42 45 40 38 34 37 27 43 17 14 5 30 31 35 33 6 28 16 3 12 13 48 7 
134. After swapping objects between vertex 19 and vertex 20 : 47 46 1 39 44 41 49 4 50 2 8 9 11 10 15 29 26 18 19 21 20 22 32 23 24 25 36 42 45 40 38 34 37 27 43 17 14 5 30 31 35 33 6 28 16 3 12 13 48 7 
135. After swapping objects between vertex 20 and vertex 21 : 47 46 1 39 44 41 49 4 50 2 8 9 11 10 15 29 26 18 19 20 21 22 32 23 24 25 36 42 45 40 38 34 37 27 43 17 14 5 30 31 35 33 6 28 16 3 12 13 48 7 
136. After swapping objects between vertex 23 and vertex 24 : 47 46 1 39 44 41 49 4 50 2 8 9 11 10 15 29 26 18 19 20 21 22 23 32 24 25 36 42 45 40 38 34 37 27 43 17 14 5 30 31 35 33 6 28 16 3 12 13 48 7 
137. After swapping objects between vertex 24 and vertex 25 : 47 46 1 39 44 41 49 4 50 2 8 9 11 10 15 29 26 18 19 20 21 22 23 24 32 25 36 42 45 40 38 34 37 27 43 17 14 5 30 31 35 33 6 28 16 3 12 13 48 7 
138. After swapping objects between vertex 25 and vertex 26 : 47 46 1 39 44 41 49 4 50 2 8 9 11 10 15 29 26 18 19 20 21 22 23 24 25 32 36 42 45 40 38 34 37 27 43 17 14 5 30 31 35 33 6 28 16 3 12 13 48 7 
139. After swapping objects between vertex 33 and vertex 34 : 47 46 1 39 44 41 49 4 50 2 8 9 11 10 15 29 26 18 19 20 21 22 23 24 25 32 36 42 45 40 38 34 27 37 43 17 14 5 30 31 35 33 6 28 16 3 12 13 48 7 
140. After swapping objects between vertex 32 and vertex 33 : 47 46 1 39 44 41 49 4 50 2 8 9 11 10 15 29 26 18 19 20 21 22 23 24 25 32 36 42 45 40 38 27 34 37 43 17 14 5 30 31 35 33 6 28 16 3 12 13 48 7 
141. After swapping objects between vertex 31 and vertex 32 : 47 46 1 39 44 41 49 4 50 2 8 9 11 10 15 29 26 18 19 20 21 22 23 24 25 32 36 42 45 40 27 38 34 37 43 17 14 5 30 31 35 33 6 28 16 3 12 13 48 7 
142. After swapping objects between vertex 30 and vertex 31 : 47 46 1 39 44 41 49 4 50 2 8 9 11 10 15 29 26 18 19 20 21 22 23 24 25 32 36 42 45 27 40 38 34 37 43 17 14 5 30 31 35 33 6 28 16 3 12 13 48 7 
143. After swapping objects between vertex 29 and vertex 30 : 47 46 1 39 44 41 49 4 50 2 8 9 11 10 15 29 26 18 19 20 21 22 23 24 25 32 36 42 27 45 40 38 34 37 43 17 14 5 30 31 35 33 6 28 16 3 12 13 48 7 
144. After swapping objects between vertex 28 and vertex 29 : 47 46 1 39 44 41 49 4 50 2 8 9 11 10 15 29 26 18 19 20 21 22 23 24 25 32 36 27 42 45 40 38 34 37 43 17 14 5 30 31 35 33 6 28 16 3 12 13 48 7 
145. After swapping objects between vertex 27 and vertex 28 : 47 46 1 39 44 41 49 4 50 2 8 9 11 10 15 29 26 18 19 20 21 22 23 24 25 32 27 36 42 45 40 38 34 37 43 17 14 5 30 31 35 33 6 28 16 3 12 13 48 7 
146. After swapping objects between vertex 35 and vertex 36 : 47 46 1 39 44 41 49 4 50 2 8 9 11 10 15 29 26 18 19 20 21 22 23 24 25 32 27 36 42 45 40 38 34 37 17 43 14 5 30 31 35 33 6 28 16 3 12 13 48 7 
147. After swapping objects between vertex 34 and vertex 35 : 47 46 1 39 44 41 49 4 50 2 8 9 11 10 15 29 26 18 19 20 21 22 23 24 25 32 27 36 42 45 40 38 34 17 37 43 14 5 30 31 35 33 6 28 16 3 12 13 48 7 
148. After swapping objects between vertex 33 and vertex 34 : 47 46 1 39 44 41 49 4 50 2 8 9 11 10 15 29 26 18 19 20 21 22 23 24 25 32 27 36 42 45 40 38 17 34 37 43 14 5 30 31 35 33 6 28 16 3 12 13 48 7 
149. After swapping objects between vertex 32 and vertex 33 : 47 46 1 39 44 41 49 4 50 2 8 9 11 10 15 29 26 18 19 20 21 22 23 24 25 32 27 36 42 45 40 17 38 34 37 43 14 5 30 31 35 33 6 28 16 3 12 13 48 7 
150. After swapping objects between vertex 31 and vertex 32 : 47 46 1 39 44 41 49 4 50 2 8 9 11 10 15 29 26 18 19 20 21 22 23 24 25 32 27 36 42 45 17 40 38 34 37 43 14 5 30 31 35 33 6 28 16 3 12 13 48 7 
151. After swapping objects between vertex 30 and vertex 31 : 47 46 1 39 44 41 49 4 50 2 8 9 11 10 15 29 26 18 19 20 21 22 23 24 25 32 27 36 42 17 45 40 38 34 37 43 14 5 30 31 35 33 6 28 16 3 12 13 48 7 
152. After swapping objects between vertex 29 and vertex 30 : 47 46 1 39 44 41 49 4 50 2 8 9 11 10 15 29 26 18 19 20 21 22 23 24 25 32 27 36 17 42 45 40 38 34 37 43 14 5 30 31 35 33 6 28 16 3 12 13 48 7 
153. After swapping objects between vertex 28 and vertex 29 : 47 46 1 39 44 41 49 4 50 2 8 9 11 10 15 29 26 18 19 20 21 22 23 24 25 32 27 17 36 42 45 40 38 34 37 43 14 5 30 31 35 33 6 28 16 3 12 13 48 7 
154. After swapping objects between vertex 27 and vertex 28 : 47 46 1 39 44 41 49 4 50 2 8 9 11 10 15 29 26 18 19 20 21 22 23 24 25 32 17 27 36 42 45 40 38 34 37 43 14 5 30 31 35 33 6 28 16 3 12 13 48 7 
155. After swapping objects between vertex 26 and vertex 27 : 47 46 1 39 44 41 49 4 50 2 8 9 11 10 15 29 26 18 19 20 21 22 23 24 25 17 32 27 36 42 45 40 38 34 37 43 14 5 30 31 35 33 6 28 16 3 12 13 48 7 
156. After swapping objects between vertex 25 and vertex 26 : 47 46 1 39 44 41 49 4 50 2 8 9 11 10 15 29 26 18 19 20 21 22 23 24 17 25 32 27 36 42 45 40 38 34 37 43 14 5 30 31 35 33 6 28 16 3 12 13 48 7 
157. After swapping objects between vertex 24 and vertex 25 : 47 46 1 39 44 41 49 4 50 2 8 9 11 10 15 29 26 18 19 20 21 22 23 17 24 25 32 27 36 42 45 40 38 34 37 43 14 5 30 31 35 33 6 28 16 3 12 13 48 7 
158. After swapping objects between vertex 23 and vertex 24 : 47 46 1 39 44 41 49 4 50 2 8 9 11 10 15 29 26 18 19 20 21 22 17 23 24 25 32 27 36 42 45 40 38 34 37 43 14 5 30 31 35 33 6 28 16 3 12 13 48 7 
159. After swapping objects between vertex 22 and vertex 23 : 47 46 1 39 44 41 49 4 50 2 8 9 11 10 15 29 26 18 19 20 21 17 22 23 24 25 32 27 36 42 45 40 38 34 37 43 14 5 30 31 35 33 6 28 16 3 12 13 48 7 
160. After swapping objects between vertex 21 and vertex 22 : 47 46 1 39 44 41 49 4 50 2 8 9 11 10 15 29 26 18 19 20 17 21 22 23 24 25 32 27 36 42 45 40 38 34 37 43 14 5 30 31 35 33 6 28 16 3 12 13 48 7 
161. After swapping objects between vertex 20 and vertex 21 : 47 46 1 39 44 41 49 4 50 2 8 9 11 10 15 29 26 18 19 17 20 21 22 23 24 25 32 27 36 42 45 40 38 34 37 43 14 5 30 31 35 33 6 28 16 3 12 13 48 7 
162. After swapping objects between vertex 19 and vertex 20 : 47 46 1 39 44 41 49 4 50 2 8 9 11 10 15 29 26 18 17 19 20 21 22 23 24 25 32 27 36 42 45 40 38 34 37 43 14 5 30 31 35 33 6 28 16 3 12 13 48 7 
163. After swapping objects between vertex 18 and vertex 19 : 47 46 1 39 44 41 49 4 50 2 8 9 11 10 15 29 26 17 18 19 20 21 22 23 24 25 32 27 36 42 45 40 38 34 37 43 14 5 30 31 35 33 6 28 16 3 12 13 48 7 
164. After swapping objects between vertex 17 and vertex 18 : 47 46 1 39 44 41 49 4 50 2 8 9 11 10 15 29 17 26 18 19 20 21 22 23 24 25 32 27 36 42 45 40 38 34 37 43 14 5 30 31 35 33 6 28 16 3 12 13 48 7 
165. After swapping objects between vertex 18 and vertex 19 : 47 46 1 39 44 41 49 4 50 2 8 9 11 10 15 29 17 18 26 19 20 21 22 23 24 25 32 27 36 42 45 40 38 34 37 43 14 5 30 31 35 33 6 28 16 3 12 13 48 7 
166. After swapping objects between vertex 19 and vertex 20 : 47 46 1 39 44 41 49 4 50 2 8 9 11 10 15 29 17 18 19 26 20 21 22 23 24 25 32 27 36 42 45 40 38 34 37 43 14 5 30 31 35 33 6 28 16 3 12 13 48 7 
167. After swapping objects between vertex 20 and vertex 21 : 47 46 1 39 44 41 49 4 50 2 8 9 11 10 15 29 17 18 19 20 26 21 22 23 24 25 32 27 36 42 45 40 38 34 37 43 14 5 30 31 35 33 6 28 16 3 12 13 48 7 
168. After swapping objects between vertex 21 and vertex 22 : 47 46 1 39 44 41 49 4 50 2 8 9 11 10 15 29 17 18 19 20 21 26 22 23 24 25 32 27 36 42 45 40 38 34 37 43 14 5 30 31 35 33 6 28 16 3 12 13 48 7 
169. After swapping objects between vertex 22 and vertex 23 : 47 46 1 39 44 41 49 4 50 2 8 9 11 10 15 29 17 18 19 20 21 22 26 23 24 25 32 27 36 42 45 40 38 34 37 43 14 5 30 31 35 33 6 28 16 3 12 13 48 7 
170. After swapping objects between vertex 23 and vertex 24 : 47 46 1 39 44 41 49 4 50 2 8 9 11 10 15 29 17 18 19 20 21 22 23 26 24 25 32 27 36 42 45 40 38 34 37 43 14 5 30 31 35 33 6 28 16 3 12 13 48 7 
171. After swapping objects between vertex 24 and vertex 25 : 47 46 1 39 44 41 49 4 50 2 8 9 11 10 15 29 17 18 19 20 21 22 23 24 26 25 32 27 36 42 45 40 38 34 37 43 14 5 30 31 35 33 6 28 16 3 12 13 48 7 
172. After swapping objects between vertex 25 and vertex 26 : 47 46 1 39 44 41 49 4 50 2 8 9 11 10 15 29 17 18 19 20 21 22 23 24 25 26 32 27 36 42 45 40 38 34 37 43 14 5 30 31 35 33 6 28 16 3 12 13 48 7 
173. After swapping objects between vertex 27 and vertex 28 : 47 46 1 39 44 41 49 4 50 2 8 9 11 10 15 29 17 18 19 20 21 22 23 24 25 26 27 32 36 42 45 40 38 34 37 43 14 5 30 31 35 33 6 28 16 3 12 13 48 7 
174. After swapping objects between vertex 36 and vertex 37 : 47 46 1 39 44 41 49 4 50 2 8 9 11 10 15 29 17 18 19 20 21 22 23 24 25 26 27 32 36 42 45 40 38 34 37 14 43 5 30 31 35 33 6 28 16 3 12 13 48 7 
175. After swapping objects between vertex 35 and vertex 36 : 47 46 1 39 44 41 49 4 50 2 8 9 11 10 15 29 17 18 19 20 21 22 23 24 25 26 27 32 36 42 45 40 38 34 14 37 43 5 30 31 35 33 6 28 16 3 12 13 48 7 
176. After swapping objects between vertex 34 and vertex 35 : 47 46 1 39 44 41 49 4 50 2 8 9 11 10 15 29 17 18 19 20 21 22 23 24 25 26 27 32 36 42 45 40 38 14 34 37 43 5 30 31 35 33 6 28 16 3 12 13 48 7 
177. After swapping objects between vertex 33 and vertex 34 : 47 46 1 39 44 41 49 4 50 2 8 9 11 10 15 29 17 18 19 20 21 22 23 24 25 26 27 32 36 42 45 40 14 38 34 37 43 5 30 31 35 33 6 28 16 3 12 13 48 7 
178. After swapping objects between vertex 32 and vertex 33 : 47 46 1 39 44 41 49 4 50 2 8 9 11 10 15 29 17 18 19 20 21 22 23 24 25 26 27 32 36 42 45 14 40 38 34 37 43 5 30 31 35 33 6 28 16 3 12 13 48 7 
179. After swapping objects between vertex 31 and vertex 32 : 47 46 1 39 44 41 49 4 50 2 8 9 11 10 15 29 17 18 19 20 21 22 23 24 25 26 27 32 36 42 14 45 40 38 34 37 43 5 30 31 35 33 6 28 16 3 12 13 48 7 
180. After swapping objects between vertex 30 and vertex 31 : 47 46 1 39 44 41 49 4 50 2 8 9 11 10 15 29 17 18 19 20 21 22 23 24 25 26 27 32 36 14 42 45 40 38 34 37 43 5 30 31 35 33 6 28 16 3 12 13 48 7 
181. After swapping objects between vertex 29 and vertex 30 : 47 46 1 39 44 41 49 4 50 2 8 9 11 10 15 29 17 18 19 20 21 22 23 24 25 26 27 32 14 36 42 45 40 38 34 37 43 5 30 31 35 33 6 28 16 3 12 13 48 7 
182. After swapping objects between vertex 28 and vertex 29 : 47 46 1 39 44 41 49 4 50 2 8 9 11 10 15 29 17 18 19 20 21 22 23 24 25 26 27 14 32 36 42 45 40 38 34 37 43 5 30 31 35 33 6 28 16 3 12 13 48 7 
183. After swapping objects between vertex 27 and vertex 28 : 47 46 1 39 44 41 49 4 50 2 8 9 11 10 15 29 17 18 19 20 21 22 23 24 25 26 14 27 32 36 42 45 40 38 34 37 43 5 30 31 35 33 6 28 16 3 12 13 48 7 
184. After swapping objects between vertex 26 and vertex 27 : 47 46 1 39 44 41 49 4 50 2 8 9 11 10 15 29 17 18 19 20 21 22 23 24 25 14 26 27 32 36 42 45 40 38 34 37 43 5 30 31 35 33 6 28 16 3 12 13 48 7 
185. After swapping objects between vertex 25 and vertex 26 : 47 46 1 39 44 41 49 4 50 2 8 9 11 10 15 29 17 18 19 20 21 22 23 24 14 25 26 27 32 36 42 45 40 38 34 37 43 5 30 31 35 33 6 28 16 3 12 13 48 7 
186. After swapping objects between vertex 24 and vertex 25 : 47 46 1 39 44 41 49 4 50 2 8 9 11 10 15 29 17 18 19 20 21 22 23 14 24 25 26 27 32 36 42 45 40 38 34 37 43 5 30 31 35 33 6 28 16 3 12 13 48 7 
187. After swapping objects between vertex 23 and vertex 24 : 47 46 1 39 44 41 49 4 50 2 8 9 11 10 15 29 17 18 19 20 21 22 14 23 24 25 26 27 32 36 42 45 40 38 34 37 43 5 30 31 35 33 6 28 16 3 12 13 48 7 
188. After swapping objects between vertex 22 and vertex 23 : 47 46 1 39 44 41 49 4 50 2 8 9 11 10 15 29 17 18 19 20 21 14 22 23 24 25 26 27 32 36 42 45 40 38 34 37 43 5 30 31 35 33 6 28 16 3 12 13 48 7 
189. After swapping objects between vertex 21 and vertex 22 : 47 46 1 39 44 41 49 4 50 2 8 9 11 10 15 29 17 18 19 20 14 21 22 23 24 25 26 27 32 36 42 45 40 38 34 37 43 5 30 31 35 33 6 28 16 3 12 13 48 7 
190. After swapping objects between vertex 20 and vertex 21 : 47 46 1 39 44 41 49 4 50 2 8 9 11 10 15 29 17 18 19 14 20 21 22 23 24 25 26 27 32 36 42 45 40 38 34 37 43 5 30 31 35 33 6 28 16 3 12 13 48 7 
191. After swapping objects between vertex 19 and vertex 20 : 47 46 1 39 44 41 49 4 50 2 8 9 11 10 15 29 17 18 14 19 20 21 22 23 24 25 26 27 32 36 42 45 40 38 34 37 43 5 30 31 35 33 6 28 16 3 12 13 48 7 
192. After swapping objects between vertex 18 and vertex 19 : 47 46 1 39 44 41 49 4 50 2 8 9 11 10 15 29 17 14 18 19 20 21 22 23 24 25 26 27 32 36 42 45 40 38 34 37 43 5 30 31 35 33 6 28 16 3 12 13 48 7 
193. After swapping objects between vertex 17 and vertex 18 : 47 46 1 39 44 41 49 4 50 2 8 9 11 10 15 29 14 17 18 19 20 21 22 23 24 25 26 27 32 36 42 45 40 38 34 37 43 5 30 31 35 33 6 28 16 3 12 13 48 7 
194. After swapping objects between vertex 16 and vertex 17 : 47 46 1 39 44 41 49 4 50 2 8 9 11 10 15 14 29 17 18 19 20 21 22 23 24 25 26 27 32 36 42 45 40 38 34 37 43 5 30 31 35 33 6 28 16 3 12 13 48 7 
195. After swapping objects between vertex 15 and vertex 16 : 47 46 1 39 44 41 49 4 50 2 8 9 11 10 14 15 29 17 18 19 20 21 22 23 24 25 26 27 32 36 42 45 40 38 34 37 43 5 30 31 35 33 6 28 16 3 12 13 48 7 
196. After swapping objects between vertex 17 and vertex 18 : 47 46 1 39 44 41 49 4 50 2 8 9 11 10 14 15 17 29 18 19 20 21 22 23 24 25 26 27 32 36 42 45 40 38 34 37 43 5 30 31 35 33 6 28 16 3 12 13 48 7 
197. After swapping objects between vertex 18 and vertex 19 : 47 46 1 39 44 41 49 4 50 2 8 9 11 10 14 15 17 18 29 19 20 21 22 23 24 25 26 27 32 36 42 45 40 38 34 37 43 5 30 31 35 33 6 28 16 3 12 13 48 7 
198. After swapping objects between vertex 19 and vertex 20 : 47 46 1 39 44 41 49 4 50 2 8 9 11 10 14 15 17 18 19 29 20 21 22 23 24 25 26 27 32 36 42 45 40 38 34 37 43 5 30 31 35 33 6 28 16 3 12 13 48 7 
199. After swapping objects between vertex 20 and vertex 21 : 47 46 1 39 44 41 49 4 50 2 8 9 11 10 14 15 17 18 19 20 29 21 22 23 24 25 26 27 32 36 42 45 40 38 34 37 43 5 30 31 35 33 6 28 16 3 12 13 48 7 
200. After swapping objects between vertex 21 and vertex 22 : 47 46 1 39 44 41 49 4 50 2 8 9 11 10 14 15 17 18 19 20 21 29 22 23 24 25 26 27 32 36 42 45 40 38 34 37 43 5 30 31 35 33 6 28 16 3 12 13 48 7 
201. After swapping objects between vertex 22 and vertex 23 : 47 46 1 39 44 41 49 4 50 2 8 9 11 10 14 15 17 18 19 20 21 22 29 23 24 25 26 27 32 36 42 45 40 38 34 37 43 5 30 31 35 33 6 28 16 3 12 13 48 7 
202. After swapping objects between vertex 23 and vertex 24 : 47 46 1 39 44 41 49 4 50 2 8 9 11 10 14 15 17 18 19 20 21 22 23 29 24 25 26 27 32 36 42 45 40 38 34 37 43 5 30 31 35 33 6 28 16 3 12 13 48 7 
203. After swapping objects between vertex 24 and vertex 25 : 47 46 1 39 44 41 49 4 50 2 8 9 11 10 14 15 17 18 19 20 21 22 23 24 29 25 26 27 32 36 42 45 40 38 34 37 43 5 30 31 35 33 6 28 16 3 12 13 48 7 
204. After swapping objects between vertex 25 and vertex 26 : 47 46 1 39 44 41 49 4 50 2 8 9 11 10 14 15 17 18 19 20 21 22 23 24 25 29 26 27 32 36 42 45 40 38 34 37 43 5 30 31 35 33 6 28 16 3 12 13 48 7 
205. After swapping objects between vertex 26 and vertex 27 : 47 46 1 39 44 41 49 4 50 2 8 9 11 10 14 15 17 18 19 20 21 22 23 24 25 26 29 27 32 36 42 45 40 38 34 37 43 5 30 31 35 33 6 28 16 3 12 13 48 7 
206. After swapping objects between vertex 27 and vertex 28 : 47 46 1 39 44 41 49 4 50 2 8 9 11 10 14 15 17 18 19 20 21 22 23 24 25 26 27 29 32 36 42 45 40 38 34 37 43 5 30 31 35 33 6 28 16 3 12 13 48 7 
207. After swapping objects between vertex 34 and vertex 35 : 47 46 1 39 44 41 49 4 50 2 8 9 11 10 14 15 17 18 19 20 21 22 23 24 25 26 27 29 32 36 42 45 40 34 38 37 43 5 30 31 35 33 6 28 16 3 12 13 48 7 
208. After swapping objects between vertex 38 and vertex 39 : 47 46 1 39 44 41 49 4 50 2 8 9 11 10 14 15 17 18 19 20 21 22 23 24 25 26 27 29 32 36 42 45 40 34 38 37 43 30 5 31 35 33 6 28 16 3 12 13 48 7 
209. After swapping objects between vertex 37 and vertex 38 : 47 46 1 39 44 41 49 4 50 2 8 9 11 10 14 15 17 18 19 20 21 22 23 24 25 26 27 29 32 36 42 45 40 34 38 37 30 43 5 31 35 33 6 28 16 3 12 13 48 7 
210. After swapping objects between vertex 36 and vertex 37 : 47 46 1 39 44 41 49 4 50 2 8 9 11 10 14 15 17 18 19 20 21 22 23 24 25 26 27 29 32 36 42 45 40 34 38 30 37 43 5 31 35 33 6 28 16 3 12 13 48 7 
211. After swapping objects between vertex 35 and vertex 36 : 47 46 1 39 44 41 49 4 50 2 8 9 11 10 14 15 17 18 19 20 21 22 23 24 25 26 27 29 32 36 42 45 40 34 30 38 37 43 5 31 35 33 6 28 16 3 12 13 48 7 
212. After swapping objects between vertex 34 and vertex 35 : 47 46 1 39 44 41 49 4 50 2 8 9 11 10 14 15 17 18 19 20 21 22 23 24 25 26 27 29 32 36 42 45 40 30 34 38 37 43 5 31 35 33 6 28 16 3 12 13 48 7 
213. After swapping objects between vertex 33 and vertex 34 : 47 46 1 39 44 41 49 4 50 2 8 9 11 10 14 15 17 18 19 20 21 22 23 24 25 26 27 29 32 36 42 45 30 40 34 38 37 43 5 31 35 33 6 28 16 3 12 13 48 7 
214. After swapping objects between vertex 32 and vertex 33 : 47 46 1 39 44 41 49 4 50 2 8 9 11 10 14 15 17 18 19 20 21 22 23 24 25 26 27 29 32 36 42 30 45 40 34 38 37 43 5 31 35 33 6 28 16 3 12 13 48 7 
215. After swapping objects between vertex 31 and vertex 32 : 47 46 1 39 44 41 49 4 50 2 8 9 11 10 14 15 17 18 19 20 21 22 23 24 25 26 27 29 32 36 30 42 45 40 34 38 37 43 5 31 35 33 6 28 16 3 12 13 48 7 
216. After swapping objects between vertex 30 and vertex 31 : 47 46 1 39 44 41 49 4 50 2 8 9 11 10 14 15 17 18 19 20 21 22 23 24 25 26 27 29 32 30 36 42 45 40 34 38 37 43 5 31 35 33 6 28 16 3 12 13 48 7 
217. After swapping objects between vertex 34 and vertex 35 : 47 46 1 39 44 41 49 4 50 2 8 9 11 10 14 15 17 18 19 20 21 22 23 24 25 26 27 29 32 30 36 42 45 34 40 38 37 43 5 31 35 33 6 28 16 3 12 13 48 7 
218. After swapping objects between vertex 39 and vertex 40 : 47 46 1 39 44 41 49 4 50 2 8 9 11 10 14 15 17 18 19 20 21 22 23 24 25 26 27 29 32 30 36 42 45 34 40 38 37 43 31 5 35 33 6 28 16 3 12 13 48 7 
219. After swapping objects between vertex 38 and vertex 39 : 47 46 1 39 44 41 49 4 50 2 8 9 11 10 14 15 17 18 19 20 21 22 23 24 25 26 27 29 32 30 36 42 45 34 40 38 37 31 43 5 35 33 6 28 16 3 12 13 48 7 
220. After swapping objects between vertex 37 and vertex 38 : 47 46 1 39 44 41 49 4 50 2 8 9 11 10 14 15 17 18 19 20 21 22 23 24 25 26 27 29 32 30 36 42 45 34 40 38 31 37 43 5 35 33 6 28 16 3 12 13 48 7 
221. After swapping objects between vertex 36 and vertex 37 : 47 46 1 39 44 41 49 4 50 2 8 9 11 10 14 15 17 18 19 20 21 22 23 24 25 26 27 29 32 30 36 42 45 34 40 31 38 37 43 5 35 33 6 28 16 3 12 13 48 7 
222. After swapping objects between vertex 35 and vertex 36 : 47 46 1 39 44 41 49 4 50 2 8 9 11 10 14 15 17 18 19 20 21 22 23 24 25 26 27 29 32 30 36 42 45 34 31 40 38 37 43 5 35 33 6 28 16 3 12 13 48 7 
223. After swapping objects between vertex 34 and vertex 35 : 47 46 1 39 44 41 49 4 50 2 8 9 11 10 14 15 17 18 19 20 21 22 23 24 25 26 27 29 32 30 36 42 45 31 34 40 38 37 43 5 35 33 6 28 16 3 12 13 48 7 
224. After swapping objects between vertex 33 and vertex 34 : 47 46 1 39 44 41 49 4 50 2 8 9 11 10 14 15 17 18 19 20 21 22 23 24 25 26 27 29 32 30 36 42 31 45 34 40 38 37 43 5 35 33 6 28 16 3 12 13 48 7 
225. After swapping objects between vertex 32 and vertex 33 : 47 46 1 39 44 41 49 4 50 2 8 9 11 10 14 15 17 18 19 20 21 22 23 24 25 26 27 29 32 30 36 31 42 45 34 40 38 37 43 5 35 33 6 28 16 3 12 13 48 7 
226. After swapping objects between vertex 31 and vertex 32 : 47 46 1 39 44 41 49 4 50 2 8 9 11 10 14 15 17 18 19 20 21 22 23 24 25 26 27 29 32 30 31 36 42 45 34 40 38 37 43 5 35 33 6 28 16 3 12 13 48 7 
227. After swapping objects between vertex 34 and vertex 35 : 47 46 1 39 44 41 49 4 50 2 8 9 11 10 14 15 17 18 19 20 21 22 23 24 25 26 27 29 32 30 31 36 42 34 45 40 38 37 43 5 35 33 6 28 16 3 12 13 48 7 
228. After swapping objects between vertex 37 and vertex 38 : 47 46 1 39 44 41 49 4 50 2 8 9 11 10 14 15 17 18 19 20 21 22 23 24 25 26 27 29 32 30 31 36 42 34 45 40 37 38 43 5 35 33 6 28 16 3 12 13 48 7 
229. After swapping objects between vertex 40 and vertex 41 : 47 46 1 39 44 41 49 4 50 2 8 9 11 10 14 15 17 18 19 20 21 22 23 24 25 26 27 29 32 30 31 36 42 34 45 40 37 38 43 35 5 33 6 28 16 3 12 13 48 7 
230. After swapping objects between vertex 39 and vertex 40 : 47 46 1 39 44 41 49 4 50 2 8 9 11 10 14 15 17 18 19 20 21 22 23 24 25 26 27 29 32 30 31 36 42 34 45 40 37 38 35 43 5 33 6 28 16 3 12 13 48 7 
231. After swapping objects between vertex 38 and vertex 39 : 47 46 1 39 44 41 49 4 50 2 8 9 11 10 14 15 17 18 19 20 21 22 23 24 25 26 27 29 32 30 31 36 42 34 45 40 37 35 38 43 5 33 6 28 16 3 12 13 48 7 
232. After swapping objects between vertex 37 and vertex 38 : 47 46 1 39 44 41 49 4 50 2 8 9 11 10 14 15 17 18 19 20 21 22 23 24 25 26 27 29 32 30 31 36 42 34 45 40 35 37 38 43 5 33 6 28 16 3 12 13 48 7 
233. After swapping objects between vertex 36 and vertex 37 : 47 46 1 39 44 41 49 4 50 2 8 9 11 10 14 15 17 18 19 20 21 22 23 24 25 26 27 29 32 30 31 36 42 34 45 35 40 37 38 43 5 33 6 28 16 3 12 13 48 7 
234. After swapping objects between vertex 35 and vertex 36 : 47 46 1 39 44 41 49 4 50 2 8 9 11 10 14 15 17 18 19 20 21 22 23 24 25 26 27 29 32 30 31 36 42 34 35 45 40 37 38 43 5 33 6 28 16 3 12 13 48 7 
235. After swapping objects between vertex 37 and vertex 38 : 47 46 1 39 44 41 49 4 50 2 8 9 11 10 14 15 17 18 19 20 21 22 23 24 25 26 27 29 32 30 31 36 42 34 35 45 37 40 38 43 5 33 6 28 16 3 12 13 48 7 
236. After swapping objects between vertex 38 and vertex 39 : 47 46 1 39 44 41 49 4 50 2 8 9 11 10 14 15 17 18 19 20 21 22 23 24 25 26 27 29 32 30 31 36 42 34 35 45 37 38 40 43 5 33 6 28 16 3 12 13 48 7 
237. After swapping objects between vertex 41 and vertex 42 : 47 46 1 39 44 41 49 4 50 2 8 9 11 10 14 15 17 18 19 20 21 22 23 24 25 26 27 29 32 30 31 36 42 34 35 45 37 38 40 43 33 5 6 28 16 3 12 13 48 7 
238. After swapping objects between vertex 40 and vertex 41 : 47 46 1 39 44 41 49 4 50 2 8 9 11 10 14 15 17 18 19 20 21 22 23 24 25 26 27 29 32 30 31 36 42 34 35 45 37 38 40 33 43 5 6 28 16 3 12 13 48 7 
239. After swapping objects between vertex 39 and vertex 40 : 47 46 1 39 44 41 49 4 50 2 8 9 11 10 14 15 17 18 19 20 21 22 23 24 25 26 27 29 32 30 31 36 42 34 35 45 37 38 33 40 43 5 6 28 16 3 12 13 48 7 
240. After swapping objects between vertex 38 and vertex 39 : 47 46 1 39 44 41 49 4 50 2 8 9 11 10 14 15 17 18 19 20 21 22 23 24 25 26 27 29 32 30 31 36 42 34 35 45 37 33 38 40 43 5 6 28 16 3 12 13 48 7 
241. After swapping objects between vertex 37 and vertex 38 : 47 46 1 39 44 41 49 4 50 2 8 9 11 10 14 15 17 18 19 20 21 22 23 24 25 26 27 29 32 30 31 36 42 34 35 45 33 37 38 40 43 5 6 28 16 3 12 13 48 7 
242. After swapping objects between vertex 36 and vertex 37 : 47 46 1 39 44 41 49 4 50 2 8 9 11 10 14 15 17 18 19 20 21 22 23 24 25 26 27 29 32 30 31 36 42 34 35 33 45 37 38 40 43 5 6 28 16 3 12 13 48 7 
243. After swapping objects between vertex 35 and vertex 36 : 47 46 1 39 44 41 49 4 50 2 8 9 11 10 14 15 17 18 19 20 21 22 23 24 25 26 27 29 32 30 31 36 42 34 33 35 45 37 38 40 43 5 6 28 16 3 12 13 48 7 
244. After swapping objects between vertex 34 and vertex 35 : 47 46 1 39 44 41 49 4 50 2 8 9 11 10 14 15 17 18 19 20 21 22 23 24 25 26 27 29 32 30 31 36 42 33 34 35 45 37 38 40 43 5 6 28 16 3 12 13 48 7 
245. After swapping objects between vertex 33 and vertex 34 : 47 46 1 39 44 41 49 4 50 2 8 9 11 10 14 15 17 18 19 20 21 22 23 24 25 26 27 29 32 30 31 36 33 42 34 35 45 37 38 40 43 5 6 28 16 3 12 13 48 7 
246. After swapping objects between vertex 34 and vertex 35 : 47 46 1 39 44 41 49 4 50 2 8 9 11 10 14 15 17 18 19 20 21 22 23 24 25 26 27 29 32 30 31 36 33 34 42 35 45 37 38 40 43 5 6 28 16 3 12 13 48 7 
247. After swapping objects between vertex 35 and vertex 36 : 47 46 1 39 44 41 49 4 50 2 8 9 11 10 14 15 17 18 19 20 21 22 23 24 25 26 27 29 32 30 31 36 33 34 35 42 45 37 38 40 43 5 6 28 16 3 12 13 48 7 
248. After swapping objects between vertex 37 and vertex 38 : 47 46 1 39 44 41 49 4 50 2 8 9 11 10 14 15 17 18 19 20 21 22 23 24 25 26 27 29 32 30 31 36 33 34 35 42 37 45 38 40 43 5 6 28 16 3 12 13 48 7 
249. After swapping objects between vertex 38 and vertex 39 : 47 46 1 39 44 41 49 4 50 2 8 9 11 10 14 15 17 18 19 20 21 22 23 24 25 26 27 29 32 30 31 36 33 34 35 42 37 38 45 40 43 5 6 28 16 3 12 13 48 7 
250. After swapping objects between vertex 43 and vertex 44 : 47 46 1 39 44 41 49 4 50 2 8 9 11 10 14 15 17 18 19 20 21 22 23 24 25 26 27 29 32 30 31 36 33 34 35 42 37 38 45 40 43 5 28 6 16 3 12 13 48 7 
251. After swapping objects between vertex 42 and vertex 43 : 47 46 1 39 44 41 49 4 50 2 8 9 11 10 14 15 17 18 19 20 21 22 23 24 25 26 27 29 32 30 31 36 33 34 35 42 37 38 45 40 43 28 5 6 16 3 12 13 48 7 
252. After swapping objects between vertex 41 and vertex 42 : 47 46 1 39 44 41 49 4 50 2 8 9 11 10 14 15 17 18 19 20 21 22 23 24 25 26 27 29 32 30 31 36 33 34 35 42 37 38 45 40 28 43 5 6 16 3 12 13 48 7 
253. After swapping objects between vertex 40 and vertex 41 : 47 46 1 39 44 41 49 4 50 2 8 9 11 10 14 15 17 18 19 20 21 22 23 24 25 26 27 29 32 30 31 36 33 34 35 42 37 38 45 28 40 43 5 6 16 3 12 13 48 7 
254. After swapping objects between vertex 39 and vertex 40 : 47 46 1 39 44 41 49 4 50 2 8 9 11 10 14 15 17 18 19 20 21 22 23 24 25 26 27 29 32 30 31 36 33 34 35 42 37 38 28 45 40 43 5 6 16 3 12 13 48 7 
255. After swapping objects between vertex 38 and vertex 39 : 47 46 1 39 44 41 49 4 50 2 8 9 11 10 14 15 17 18 19 20 21 22 23 24 25 26 27 29 32 30 31 36 33 34 35 42 37 28 38 45 40 43 5 6 16 3 12 13 48 7 
256. After swapping objects between vertex 37 and vertex 38 : 47 46 1 39 44 41 49 4 50 2 8 9 11 10 14 15 17 18 19 20 21 22 23 24 25 26 27 29 32 30 31 36 33 34 35 42 28 37 38 45 40 43 5 6 16 3 12 13 48 7 
257. After swapping objects between vertex 36 and vertex 37 : 47 46 1 39 44 41 49 4 50 2 8 9 11 10 14 15 17 18 19 20 21 22 23 24 25 26 27 29 32 30 31 36 33 34 35 28 42 37 38 45 40 43 5 6 16 3 12 13 48 7 
258. After swapping objects between vertex 35 and vertex 36 : 47 46 1 39 44 41 49 4 50 2 8 9 11 10 14 15 17 18 19 20 21 22 23 24 25 26 27 29 32 30 31 36 33 34 28 35 42 37 38 45 40 43 5 6 16 3 12 13 48 7 
259. After swapping objects between vertex 34 and vertex 35 : 47 46 1 39 44 41 49 4 50 2 8 9 11 10 14 15 17 18 19 20 21 22 23 24 25 26 27 29 32 30 31 36 33 28 34 35 42 37 38 45 40 43 5 6 16 3 12 13 48 7 
260. After swapping objects between vertex 33 and vertex 34 : 47 46 1 39 44 41 49 4 50 2 8 9 11 10 14 15 17 18 19 20 21 22 23 24 25 26 27 29 32 30 31 36 28 33 34 35 42 37 38 45 40 43 5 6 16 3 12 13 48 7 
261. After swapping objects between vertex 32 and vertex 33 : 47 46 1 39 44 41 49 4 50 2 8 9 11 10 14 15 17 18 19 20 21 22 23 24 25 26 27 29 32 30 31 28 36 33 34 35 42 37 38 45 40 43 5 6 16 3 12 13 48 7 
262. After swapping objects between vertex 31 and vertex 32 : 47 46 1 39 44 41 49 4 50 2 8 9 11 10 14 15 17 18 19 20 21 22 23 24 25 26 27 29 32 30 28 31 36 33 34 35 42 37 38 45 40 43 5 6 16 3 12 13 48 7 
263. After swapping objects between vertex 30 and vertex 31 : 47 46 1 39 44 41 49 4 50 2 8 9 11 10 14 15 17 18 19 20 21 22 23 24 25 26 27 29 32 28 30 31 36 33 34 35 42 37 38 45 40 43 5 6 16 3 12 13 48 7 
264. After swapping objects between vertex 29 and vertex 30 : 47 46 1 39 44 41 49 4 50 2 8 9 11 10 14 15 17 18 19 20 21 22 23 24 25 26 27 29 28 32 30 31 36 33 34 35 42 37 38 45 40 43 5 6 16 3 12 13 48 7 
265. After swapping objects between vertex 28 and vertex 29 : 47 46 1 39 44 41 49 4 50 2 8 9 11 10 14 15 17 18 19 20 21 22 23 24 25 26 27 28 29 32 30 31 36 33 34 35 42 37 38 45 40 43 5 6 16 3 12 13 48 7 
266. After swapping objects between vertex 30 and vertex 31 : 47 46 1 39 44 41 49 4 50 2 8 9 11 10 14 15 17 18 19 20 21 22 23 24 25 26 27 28 29 30 32 31 36 33 34 35 42 37 38 45 40 43 5 6 16 3 12 13 48 7 
267. After swapping objects between vertex 31 and vertex 32 : 47 46 1 39 44 41 49 4 50 2 8 9 11 10 14 15 17 18 19 20 21 22 23 24 25 26 27 28 29 30 31 32 36 33 34 35 42 37 38 45 40 43 5 6 16 3 12 13 48 7 
268. After swapping objects between vertex 33 and vertex 34 : 47 46 1 39 44 41 49 4 50 2 8 9 11 10 14 15 17 18 19 20 21 22 23 24 25 26 27 28 29 30 31 32 33 36 34 35 42 37 38 45 40 43 5 6 16 3 12 13 48 7 
269. After swapping objects between vertex 34 and vertex 35 : 47 46 1 39 44 41 49 4 50 2 8 9 11 10 14 15 17 18 19 20 21 22 23 24 25 26 27 28 29 30 31 32 33 34 36 35 42 37 38 45 40 43 5 6 16 3 12 13 48 7 
270. After swapping objects between vertex 35 and vertex 36 : 47 46 1 39 44 41 49 4 50 2 8 9 11 10 14 15 17 18 19 20 21 22 23 24 25 26 27 28 29 30 31 32 33 34 35 36 42 37 38 45 40 43 5 6 16 3 12 13 48 7 
271. After swapping objects between vertex 37 and vertex 38 : 47 46 1 39 44 41 49 4 50 2 8 9 11 10 14 15 17 18 19 20 21 22 23 24 25 26 27 28 29 30 31 32 33 34 35 36 37 42 38 45 40 43 5 6 16 3 12 13 48 7 
272. After swapping objects between vertex 38 and vertex 39 : 47 46 1 39 44 41 49 4 50 2 8 9 11 10 14 15 17 18 19 20 21 22 23 24 25 26 27 28 29 30 31 32 33 34 35 36 37 38 42 45 40 43 5 6 16 3 12 13 48 7 
273. After swapping objects between vertex 40 and vertex 41 : 47 46 1 39 44 41 49 4 50 2 8 9 11 10 14 15 17 18 19 20 21 22 23 24 25 26 27 28 29 30 31 32 33 34 35 36 37 38 42 40 45 43 5 6 16 3 12 13 48 7 
274. After swapping objects between vertex 48 and vertex 49 : 47 46 1 39 44 41 49 4 50 2 8 9 11 10 14 15 17 18 19 20 21 22 23 24 25 26 27 28 29 30 31 32 33 34 35 36 37 38 42 40 45 43 5 6 16 3 12 48 13 7 
275. After swapping objects between vertex 1 and vertex 50 : 7 46 1 39 44 41 49 4 50 2 8 9 11 10 14 15 17 18 19 20 21 22 23 24 25 26 27 28 29 30 31 32 33 34 35 36 37 38 42 40 45 43 5 6 16 3 12 48 13 47 
276. After swapping objects between vertex 1 and vertex 2 : 46 7 1 39 44 41 49 4 50 2 8 9 11 10 14 15 17 18 19 20 21 22 23 24 25 26 27 28 29 30 31 32 33 34 35 36 37 38 42 40 45 43 5 6 16 3 12 48 13 47 
277. After swapping objects between vertex 2 and vertex 3 : 46 1 7 39 44 41 49 4 50 2 8 9 11 10 14 15 17 18 19 20 21 22 23 24 25 26 27 28 29 30 31 32 33 34 35 36 37 38 42 40 45 43 5 6 16 3 12 48 13 47 
278. After swapping objects between vertex 3 and vertex 4 : 46 1 39 7 44 41 49 4 50 2 8 9 11 10 14 15 17 18 19 20 21 22 23 24 25 26 27 28 29 30 31 32 33 34 35 36 37 38 42 40 45 43 5 6 16 3 12 48 13 47 
279. After swapping objects between vertex 4 and vertex 5 : 46 1 39 44 7 41 49 4 50 2 8 9 11 10 14 15 17 18 19 20 21 22 23 24 25 26 27 28 29 30 31 32 33 34 35 36 37 38 42 40 45 43 5 6 16 3 12 48 13 47 
280. After swapping objects between vertex 5 and vertex 6 : 46 1 39 44 41 7 49 4 50 2 8 9 11 10 14 15 17 18 19 20 21 22 23 24 25 26 27 28 29 30 31 32 33 34 35 36 37 38 42 40 45 43 5 6 16 3 12 48 13 47 
281. After swapping objects between vertex 6 and vertex 7 : 46 1 39 44 41 49 7 4 50 2 8 9 11 10 14 15 17 18 19 20 21 22 23 24 25 26 27 28 29 30 31 32 33 34 35 36 37 38 42 40 45 43 5 6 16 3 12 48 13 47 
282. After swapping objects between vertex 7 and vertex 8 : 46 1 39 44 41 49 4 7 50 2 8 9 11 10 14 15 17 18 19 20 21 22 23 24 25 26 27 28 29 30 31 32 33 34 35 36 37 38 42 40 45 43 5 6 16 3 12 48 13 47 
283. After swapping objects between vertex 49 and vertex 50 : 46 1 39 44 41 49 4 7 50 2 8 9 11 10 14 15 17 18 19 20 21 22 23 24 25 26 27 28 29 30 31 32 33 34 35 36 37 38 42 40 45 43 5 6 16 3 12 48 47 13 
284. After swapping objects between vertex 48 and vertex 49 : 46 1 39 44 41 49 4 7 50 2 8 9 11 10 14 15 17 18 19 20 21 22 23 24 25 26 27 28 29 30 31 32 33 34 35 36 37 38 42 40 45 43 5 6 16 3 12 47 48 13 
285. After swapping objects between vertex 47 and vertex 48 : 46 1 39 44 41 49 4 7 50 2 8 9 11 10 14 15 17 18 19 20 21 22 23 24 25 26 27 28 29 30 31 32 33 34 35 36 37 38 42 40 45 43 5 6 16 3 47 12 48 13 
286. After swapping objects between vertex 48 and vertex 49 : 46 1 39 44 41 49 4 7 50 2 8 9 11 10 14 15 17 18 19 20 21 22 23 24 25 26 27 28 29 30 31 32 33 34 35 36 37 38 42 40 45 43 5 6 16 3 47 48 12 13 
287. After swapping objects between vertex 1 and vertex 50 : 13 1 39 44 41 49 4 7 50 2 8 9 11 10 14 15 17 18 19 20 21 22 23 24 25 26 27 28 29 30 31 32 33 34 35 36 37 38 42 40 45 43 5 6 16 3 47 48 12 46 
288. After swapping objects between vertex 1 and vertex 2 : 1 13 39 44 41 49 4 7 50 2 8 9 11 10 14 15 17 18 19 20 21 22 23 24 25 26 27 28 29 30 31 32 33 34 35 36 37 38 42 40 45 43 5 6 16 3 47 48 12 46 
289. After swapping objects between vertex 2 and vertex 3 : 1 39 13 44 41 49 4 7 50 2 8 9 11 10 14 15 17 18 19 20 21 22 23 24 25 26 27 28 29 30 31 32 33 34 35 36 37 38 42 40 45 43 5 6 16 3 47 48 12 46 
290. After swapping objects between vertex 1 and vertex 2 : 39 1 13 44 41 49 4 7 50 2 8 9 11 10 14 15 17 18 19 20 21 22 23 24 25 26 27 28 29 30 31 32 33 34 35 36 37 38 42 40 45 43 5 6 16 3 47 48 12 46 
291. After swapping objects between vertex 3 and vertex 4 : 39 1 44 13 41 49 4 7 50 2 8 9 11 10 14 15 17 18 19 20 21 22 23 24 25 26 27 28 29 30 31 32 33 34 35 36 37 38 42 40 45 43 5 6 16 3 47 48 12 46 
292. After swapping objects between vertex 4 and vertex 5 : 39 1 44 41 13 49 4 7 50 2 8 9 11 10 14 15 17 18 19 20 21 22 23 24 25 26 27 28 29 30 31 32 33 34 35 36 37 38 42 40 45 43 5 6 16 3 47 48 12 46 
293. After swapping objects between vertex 5 and vertex 6 : 39 1 44 41 49 13 4 7 50 2 8 9 11 10 14 15 17 18 19 20 21 22 23 24 25 26 27 28 29 30 31 32 33 34 35 36 37 38 42 40 45 43 5 6 16 3 47 48 12 46 
294. After swapping objects between vertex 6 and vertex 7 : 39 1 44 41 49 4 13 7 50 2 8 9 11 10 14 15 17 18 19 20 21 22 23 24 25 26 27 28 29 30 31 32 33 34 35 36 37 38 42 40 45 43 5 6 16 3 47 48 12 46 
295. After swapping objects between vertex 7 and vertex 8 : 39 1 44 41 49 4 7 13 50 2 8 9 11 10 14 15 17 18 19 20 21 22 23 24 25 26 27 28 29 30 31 32 33 34 35 36 37 38 42 40 45 43 5 6 16 3 47 48 12 46 
296. After swapping objects between vertex 8 and vertex 9 : 39 1 44 41 49 4 7 50 13 2 8 9 11 10 14 15 17 18 19 20 21 22 23 24 25 26 27 28 29 30 31 32 33 34 35 36 37 38 42 40 45 43 5 6 16 3 47 48 12 46 
297. After swapping objects between vertex 7 and vertex 8 : 39 1 44 41 49 4 50 7 13 2 8 9 11 10 14 15 17 18 19 20 21 22 23 24 25 26 27 28 29 30 31 32 33 34 35 36 37 38 42 40 45 43 5 6 16 3 47 48 12 46 
298. After swapping objects between vertex 9 and vertex 10 : 39 1 44 41 49 4 50 7 2 13 8 9 11 10 14 15 17 18 19 20 21 22 23 24 25 26 27 28 29 30 31 32 33 34 35 36 37 38 42 40 45 43 5 6 16 3 47 48 12 46 
299. After swapping objects between vertex 10 and vertex 11 : 39 1 44 41 49 4 50 7 2 8 13 9 11 10 14 15 17 18 19 20 21 22 23 24 25 26 27 28 29 30 31 32 33 34 35 36 37 38 42 40 45 43 5 6 16 3 47 48 12 46 
300. After swapping objects between vertex 11 and vertex 12 : 39 1 44 41 49 4 50 7 2 8 9 13 11 10 14 15 17 18 19 20 21 22 23 24 25 26 27 28 29 30 31 32 33 34 35 36 37 38 42 40 45 43 5 6 16 3 47 48 12 46 
301. After swapping objects between vertex 12 and vertex 13 : 39 1 44 41 49 4 50 7 2 8 9 11 13 10 14 15 17 18 19 20 21 22 23 24 25 26 27 28 29 30 31 32 33 34 35 36 37 38 42 40 45 43 5 6 16 3 47 48 12 46 
302. After swapping objects between vertex 13 and vertex 14 : 39 1 44 41 49 4 50 7 2 8 9 11 10 13 14 15 17 18 19 20 21 22 23 24 25 26 27 28 29 30 31 32 33 34 35 36 37 38 42 40 45 43 5 6 16 3 47 48 12 46 
303. After swapping objects between vertex 49 and vertex 50 : 39 1 44 41 49 4 50 7 2 8 9 11 10 13 14 15 17 18 19 20 21 22 23 24 25 26 27 28 29 30 31 32 33 34 35 36 37 38 42 40 45 43 5 6 16 3 47 48 46 12 
304. After swapping objects between vertex 48 and vertex 49 : 39 1 44 41 49 4 50 7 2 8 9 11 10 13 14 15 17 18 19 20 21 22 23 24 25 26 27 28 29 30 31 32 33 34 35 36 37 38 42 40 45 43 5 6 16 3 47 46 48 12 
305. After swapping objects between vertex 47 and vertex 48 : 39 1 44 41 49 4 50 7 2 8 9 11 10 13 14 15 17 18 19 20 21 22 23 24 25 26 27 28 29 30 31 32 33 34 35 36 37 38 42 40 45 43 5 6 16 3 46 47 48 12 
306. After swapping objects between vertex 46 and vertex 47 : 39 1 44 41 49 4 50 7 2 8 9 11 10 13 14 15 17 18 19 20 21 22 23 24 25 26 27 28 29 30 31 32 33 34 35 36 37 38 42 40 45 43 5 6 16 46 3 47 48 12 
307. After swapping objects between vertex 47 and vertex 48 : 39 1 44 41 49 4 50 7 2 8 9 11 10 13 14 15 17 18 19 20 21 22 23 24 25 26 27 28 29 30 31 32 33 34 35 36 37 38 42 40 45 43 5 6 16 46 47 3 48 12 
308. After swapping objects between vertex 48 and vertex 49 : 39 1 44 41 49 4 50 7 2 8 9 11 10 13 14 15 17 18 19 20 21 22 23 24 25 26 27 28 29 30 31 32 33 34 35 36 37 38 42 40 45 43 5 6 16 46 47 48 3 12 
309. After swapping objects between vertex 1 and vertex 50 : 12 1 44 41 49 4 50 7 2 8 9 11 10 13 14 15 17 18 19 20 21 22 23 24 25 26 27 28 29 30 31 32 33 34 35 36 37 38 42 40 45 43 5 6 16 46 47 48 3 39 
310. After swapping objects between vertex 1 and vertex 2 : 1 12 44 41 49 4 50 7 2 8 9 11 10 13 14 15 17 18 19 20 21 22 23 24 25 26 27 28 29 30 31 32 33 34 35 36 37 38 42 40 45 43 5 6 16 46 47 48 3 39 
311. After swapping objects between vertex 2 and vertex 3 : 1 44 12 41 49 4 50 7 2 8 9 11 10 13 14 15 17 18 19 20 21 22 23 24 25 26 27 28 29 30 31 32 33 34 35 36 37 38 42 40 45 43 5 6 16 46 47 48 3 39 
312. After swapping objects between vertex 1 and vertex 2 : 44 1 12 41 49 4 50 7 2 8 9 11 10 13 14 15 17 18 19 20 21 22 23 24 25 26 27 28 29 30 31 32 33 34 35 36 37 38 42 40 45 43 5 6 16 46 47 48 3 39 
313. After swapping objects between vertex 3 and vertex 4 : 44 1 41 12 49 4 50 7 2 8 9 11 10 13 14 15 17 18 19 20 21 22 23 24 25 26 27 28 29 30 31 32 33 34 35 36 37 38 42 40 45 43 5 6 16 46 47 48 3 39 
314. After swapping objects between vertex 4 and vertex 5 : 44 1 41 49 12 4 50 7 2 8 9 11 10 13 14 15 17 18 19 20 21 22 23 24 25 26 27 28 29 30 31 32 33 34 35 36 37 38 42 40 45 43 5 6 16 46 47 48 3 39 
315. After swapping objects between vertex 5 and vertex 6 : 44 1 41 49 4 12 50 7 2 8 9 11 10 13 14 15 17 18 19 20 21 22 23 24 25 26 27 28 29 30 31 32 33 34 35 36 37 38 42 40 45 43 5 6 16 46 47 48 3 39 
316. After swapping objects between vertex 6 and vertex 7 : 44 1 41 49 4 50 12 7 2 8 9 11 10 13 14 15 17 18 19 20 21 22 23 24 25 26 27 28 29 30 31 32 33 34 35 36 37 38 42 40 45 43 5 6 16 46 47 48 3 39 
317. After swapping objects between vertex 7 and vertex 8 : 44 1 41 49 4 50 7 12 2 8 9 11 10 13 14 15 17 18 19 20 21 22 23 24 25 26 27 28 29 30 31 32 33 34 35 36 37 38 42 40 45 43 5 6 16 46 47 48 3 39 
318. After swapping objects between vertex 8 and vertex 9 : 44 1 41 49 4 50 7 2 12 8 9 11 10 13 14 15 17 18 19 20 21 22 23 24 25 26 27 28 29 30 31 32 33 34 35 36 37 38 42 40 45 43 5 6 16 46 47 48 3 39 
319. After swapping objects between vertex 7 and vertex 8 : 44 1 41 49 4 50 2 7 12 8 9 11 10 13 14 15 17 18 19 20 21 22 23 24 25 26 27 28 29 30 31 32 33 34 35 36 37 38 42 40 45 43 5 6 16 46 47 48 3 39 
320. After swapping objects between vertex 9 and vertex 10 : 44 1 41 49 4 50 2 7 8 12 9 11 10 13 14 15 17 18 19 20 21 22 23 24 25 26 27 28 29 30 31 32 33 34 35 36 37 38 42 40 45 43 5 6 16 46 47 48 3 39 
321. After swapping objects between vertex 10 and vertex 11 : 44 1 41 49 4 50 2 7 8 9 12 11 10 13 14 15 17 18 19 20 21 22 23 24 25 26 27 28 29 30 31 32 33 34 35 36 37 38 42 40 45 43 5 6 16 46 47 48 3 39 
322. After swapping objects between vertex 11 and vertex 12 : 44 1 41 49 4 50 2 7 8 9 11 12 10 13 14 15 17 18 19 20 21 22 23 24 25 26 27 28 29 30 31 32 33 34 35 36 37 38 42 40 45 43 5 6 16 46 47 48 3 39 
323. After swapping objects between vertex 12 and vertex 13 : 44 1 41 49 4 50 2 7 8 9 11 10 12 13 14 15 17 18 19 20 21 22 23 24 25 26 27 28 29 30 31 32 33 34 35 36 37 38 42 40 45 43 5 6 16 46 47 48 3 39 
324. After swapping objects between vertex 11 and vertex 12 : 44 1 41 49 4 50 2 7 8 9 10 11 12 13 14 15 17 18 19 20 21 22 23 24 25 26 27 28 29 30 31 32 33 34 35 36 37 38 42 40 45 43 5 6 16 46 47 48 3 39 
325. After swapping objects between vertex 49 and vertex 50 : 44 1 41 49 4 50 2 7 8 9 10 11 12 13 14 15 17 18 19 20 21 22 23 24 25 26 27 28 29 30 31 32 33 34 35 36 37 38 42 40 45 43 5 6 16 46 47 48 39 3 
326. After swapping objects between vertex 48 and vertex 49 : 44 1 41 49 4 50 2 7 8 9 10 11 12 13 14 15 17 18 19 20 21 22 23 24 25 26 27 28 29 30 31 32 33 34 35 36 37 38 42 40 45 43 5 6 16 46 47 39 48 3 
327. After swapping objects between vertex 47 and vertex 48 : 44 1 41 49 4 50 2 7 8 9 10 11 12 13 14 15 17 18 19 20 21 22 23 24 25 26 27 28 29 30 31 32 33 34 35 36 37 38 42 40 45 43 5 6 16 46 39 47 48 3 
328. After swapping objects between vertex 46 and vertex 47 : 44 1 41 49 4 50 2 7 8 9 10 11 12 13 14 15 17 18 19 20 21 22 23 24 25 26 27 28 29 30 31 32 33 34 35 36 37 38 42 40 45 43 5 6 16 39 46 47 48 3 
329. After swapping objects between vertex 45 and vertex 46 : 44 1 41 49 4 50 2 7 8 9 10 11 12 13 14 15 17 18 19 20 21 22 23 24 25 26 27 28 29 30 31 32 33 34 35 36 37 38 42 40 45 43 5 6 39 16 46 47 48 3 
330. After swapping objects between vertex 44 and vertex 45 : 44 1 41 49 4 50 2 7 8 9 10 11 12 13 14 15 17 18 19 20 21 22 23 24 25 26 27 28 29 30 31 32 33 34 35 36 37 38 42 40 45 43 5 39 6 16 46 47 48 3 
331. After swapping objects between vertex 43 and vertex 44 : 44 1 41 49 4 50 2 7 8 9 10 11 12 13 14 15 17 18 19 20 21 22 23 24 25 26 27 28 29 30 31 32 33 34 35 36 37 38 42 40 45 43 39 5 6 16 46 47 48 3 
332. After swapping objects between vertex 42 and vertex 43 : 44 1 41 49 4 50 2 7 8 9 10 11 12 13 14 15 17 18 19 20 21 22 23 24 25 26 27 28 29 30 31 32 33 34 35 36 37 38 42 40 45 39 43 5 6 16 46 47 48 3 
333. After swapping objects between vertex 41 and vertex 42 : 44 1 41 49 4 50 2 7 8 9 10 11 12 13 14 15 17 18 19 20 21 22 23 24 25 26 27 28 29 30 31 32 33 34 35 36 37 38 42 40 39 45 43 5 6 16 46 47 48 3 
334. After swapping objects between vertex 40 and vertex 41 : 44 1 41 49 4 50 2 7 8 9 10 11 12 13 14 15 17 18 19 20 21 22 23 24 25 26 27 28 29 30 31 32 33 34 35 36 37 38 42 39 40 45 43 5 6 16 46 47 48 3 
335. After swapping objects between vertex 39 and vertex 40 : 44 1 41 49 4 50 2 7 8 9 10 11 12 13 14 15 17 18 19 20 21 22 23 24 25 26 27 28 29 30 31 32 33 34 35 36 37 38 39 42 40 45 43 5 6 16 46 47 48 3 
336. After swapping objects between vertex 40 and vertex 41 : 44 1 41 49 4 50 2 7 8 9 10 11 12 13 14 15 17 18 19 20 21 22 23 24 25 26 27 28 29 30 31 32 33 34 35 36 37 38 39 40 42 45 43 5 6 16 46 47 48 3 
337. After swapping objects between vertex 46 and vertex 47 : 44 1 41 49 4 50 2 7 8 9 10 11 12 13 14 15 17 18 19 20 21 22 23 24 25 26 27 28 29 30 31 32 33 34 35 36 37 38 39 40 42 45 43 5 6 46 16 47 48 3 
338. After swapping objects between vertex 47 and vertex 48 : 44 1 41 49 4 50 2 7 8 9 10 11 12 13 14 15 17 18 19 20 21 22 23 24 25 26 27 28 29 30 31 32 33 34 35 36 37 38 39 40 42 45 43 5 6 46 47 16 48 3 
339. After swapping objects between vertex 48 and vertex 49 : 44 1 41 49 4 50 2 7 8 9 10 11 12 13 14 15 17 18 19 20 21 22 23 24 25 26 27 28 29 30 31 32 33 34 35 36 37 38 39 40 42 45 43 5 6 46 47 48 16 3 
340. After swapping objects between vertex 1 and vertex 50 : 3 1 41 49 4 50 2 7 8 9 10 11 12 13 14 15 17 18 19 20 21 22 23 24 25 26 27 28 29 30 31 32 33 34 35 36 37 38 39 40 42 45 43 5 6 46 47 48 16 44 
341. After swapping objects between vertex 1 and vertex 2 : 1 3 41 49 4 50 2 7 8 9 10 11 12 13 14 15 17 18 19 20 21 22 23 24 25 26 27 28 29 30 31 32 33 34 35 36 37 38 39 40 42 45 43 5 6 46 47 48 16 44 
342. After swapping objects between vertex 2 and vertex 3 : 1 41 3 49 4 50 2 7 8 9 10 11 12 13 14 15 17 18 19 20 21 22 23 24 25 26 27 28 29 30 31 32 33 34 35 36 37 38 39 40 42 45 43 5 6 46 47 48 16 44 
343. After swapping objects between vertex 1 and vertex 2 : 41 1 3 49 4 50 2 7 8 9 10 11 12 13 14 15 17 18 19 20 21 22 23 24 25 26 27 28 29 30 31 32 33 34 35 36 37 38 39 40 42 45 43 5 6 46 47 48 16 44 
344. After swapping objects between vertex 3 and vertex 4 : 41 1 49 3 4 50 2 7 8 9 10 11 12 13 14 15 17 18 19 20 21 22 23 24 25 26 27 28 29 30 31 32 33 34 35 36 37 38 39 40 42 45 43 5 6 46 47 48 16 44 
345. After swapping objects between vertex 49 and vertex 50 : 41 1 49 3 4 50 2 7 8 9 10 11 12 13 14 15 17 18 19 20 21 22 23 24 25 26 27 28 29 30 31 32 33 34 35 36 37 38 39 40 42 45 43 5 6 46 47 48 44 16 
346. After swapping objects between vertex 48 and vertex 49 : 41 1 49 3 4 50 2 7 8 9 10 11 12 13 14 15 17 18 19 20 21 22 23 24 25 26 27 28 29 30 31 32 33 34 35 36 37 38 39 40 42 45 43 5 6 46 47 44 48 16 
347. After swapping objects between vertex 47 and vertex 48 : 41 1 49 3 4 50 2 7 8 9 10 11 12 13 14 15 17 18 19 20 21 22 23 24 25 26 27 28 29 30 31 32 33 34 35 36 37 38 39 40 42 45 43 5 6 46 44 47 48 16 
348. After swapping objects between vertex 46 and vertex 47 : 41 1 49 3 4 50 2 7 8 9 10 11 12 13 14 15 17 18 19 20 21 22 23 24 25 26 27 28 29 30 31 32 33 34 35 36 37 38 39 40 42 45 43 5 6 44 46 47 48 16 
349. After swapping objects between vertex 45 and vertex 46 : 41 1 49 3 4 50 2 7 8 9 10 11 12 13 14 15 17 18 19 20 21 22 23 24 25 26 27 28 29 30 31 32 33 34 35 36 37 38 39 40 42 45 43 5 44 6 46 47 48 16 
350. After swapping objects between vertex 44 and vertex 45 : 41 1 49 3 4 50 2 7 8 9 10 11 12 13 14 15 17 18 19 20 21 22 23 24 25 26 27 28 29 30 31 32 33 34 35 36 37 38 39 40 42 45 43 44 5 6 46 47 48 16 
351. After swapping objects between vertex 46 and vertex 47 : 41 1 49 3 4 50 2 7 8 9 10 11 12 13 14 15 17 18 19 20 21 22 23 24 25 26 27 28 29 30 31 32 33 34 35 36 37 38 39 40 42 45 43 44 5 46 6 47 48 16 
352. After swapping objects between vertex 47 and vertex 48 : 41 1 49 3 4 50 2 7 8 9 10 11 12 13 14 15 17 18 19 20 21 22 23 24 25 26 27 28 29 30 31 32 33 34 35 36 37 38 39 40 42 45 43 44 5 46 47 6 48 16 
353. After swapping objects between vertex 48 and vertex 49 : 41 1 49 3 4 50 2 7 8 9 10 11 12 13 14 15 17 18 19 20 21 22 23 24 25 26 27 28 29 30 31 32 33 34 35 36 37 38 39 40 42 45 43 44 5 46 47 48 6 16 
354. After swapping objects between vertex 1 and vertex 50 : 16 1 49 3 4 50 2 7 8 9 10 11 12 13 14 15 17 18 19 20 21 22 23 24 25 26 27 28 29 30 31 32 33 34 35 36 37 38 39 40 42 45 43 44 5 46 47 48 6 41 
355. After swapping objects between vertex 1 and vertex 2 : 1 16 49 3 4 50 2 7 8 9 10 11 12 13 14 15 17 18 19 20 21 22 23 24 25 26 27 28 29 30 31 32 33 34 35 36 37 38 39 40 42 45 43 44 5 46 47 48 6 41 
356. After swapping objects between vertex 2 and vertex 3 : 1 49 16 3 4 50 2 7 8 9 10 11 12 13 14 15 17 18 19 20 21 22 23 24 25 26 27 28 29 30 31 32 33 34 35 36 37 38 39 40 42 45 43 44 5 46 47 48 6 41 
357. After swapping objects between vertex 1 and vertex 2 : 49 1 16 3 4 50 2 7 8 9 10 11 12 13 14 15 17 18 19 20 21 22 23 24 25 26 27 28 29 30 31 32 33 34 35 36 37 38 39 40 42 45 43 44 5 46 47 48 6 41 
358. After swapping objects between vertex 3 and vertex 4 : 49 1 3 16 4 50 2 7 8 9 10 11 12 13 14 15 17 18 19 20 21 22 23 24 25 26 27 28 29 30 31 32 33 34 35 36 37 38 39 40 42 45 43 44 5 46 47 48 6 41 
359. After swapping objects between vertex 4 and vertex 5 : 49 1 3 4 16 50 2 7 8 9 10 11 12 13 14 15 17 18 19 20 21 22 23 24 25 26 27 28 29 30 31 32 33 34 35 36 37 38 39 40 42 45 43 44 5 46 47 48 6 41 
360. After swapping objects between vertex 5 and vertex 6 : 49 1 3 4 50 16 2 7 8 9 10 11 12 13 14 15 17 18 19 20 21 22 23 24 25 26 27 28 29 30 31 32 33 34 35 36 37 38 39 40 42 45 43 44 5 46 47 48 6 41 
361. After swapping objects between vertex 4 and vertex 5 : 49 1 3 50 4 16 2 7 8 9 10 11 12 13 14 15 17 18 19 20 21 22 23 24 25 26 27 28 29 30 31 32 33 34 35 36 37 38 39 40 42 45 43 44 5 46 47 48 6 41 
362. After swapping objects between vertex 3 and vertex 4 : 49 1 50 3 4 16 2 7 8 9 10 11 12 13 14 15 17 18 19 20 21 22 23 24 25 26 27 28 29 30 31 32 33 34 35 36 37 38 39 40 42 45 43 44 5 46 47 48 6 41 
363. After swapping objects between vertex 6 and vertex 7 : 49 1 50 3 4 2 16 7 8 9 10 11 12 13 14 15 17 18 19 20 21 22 23 24 25 26 27 28 29 30 31 32 33 34 35 36 37 38 39 40 42 45 43 44 5 46 47 48 6 41 
364. After swapping objects between vertex 7 and vertex 8 : 49 1 50 3 4 2 7 16 8 9 10 11 12 13 14 15 17 18 19 20 21 22 23 24 25 26 27 28 29 30 31 32 33 34 35 36 37 38 39 40 42 45 43 44 5 46 47 48 6 41 
365. After swapping objects between vertex 8 and vertex 9 : 49 1 50 3 4 2 7 8 16 9 10 11 12 13 14 15 17 18 19 20 21 22 23 24 25 26 27 28 29 30 31 32 33 34 35 36 37 38 39 40 42 45 43 44 5 46 47 48 6 41 
366. After swapping objects between vertex 9 and vertex 10 : 49 1 50 3 4 2 7 8 9 16 10 11 12 13 14 15 17 18 19 20 21 22 23 24 25 26 27 28 29 30 31 32 33 34 35 36 37 38 39 40 42 45 43 44 5 46 47 48 6 41 
367. After swapping objects between vertex 10 and vertex 11 : 49 1 50 3 4 2 7 8 9 10 16 11 12 13 14 15 17 18 19 20 21 22 23 24 25 26 27 28 29 30 31 32 33 34 35 36 37 38 39 40 42 45 43 44 5 46 47 48 6 41 
368. After swapping objects between vertex 11 and vertex 12 : 49 1 50 3 4 2 7 8 9 10 11 16 12 13 14 15 17 18 19 20 21 22 23 24 25 26 27 28 29 30 31 32 33 34 35 36 37 38 39 40 42 45 43 44 5 46 47 48 6 41 
369. After swapping objects between vertex 12 and vertex 13 : 49 1 50 3 4 2 7 8 9 10 11 12 16 13 14 15 17 18 19 20 21 22 23 24 25 26 27 28 29 30 31 32 33 34 35 36 37 38 39 40 42 45 43 44 5 46 47 48 6 41 
370. After swapping objects between vertex 13 and vertex 14 : 49 1 50 3 4 2 7 8 9 10 11 12 13 16 14 15 17 18 19 20 21 22 23 24 25 26 27 28 29 30 31 32 33 34 35 36 37 38 39 40 42 45 43 44 5 46 47 48 6 41 
371. After swapping objects between vertex 14 and vertex 15 : 49 1 50 3 4 2 7 8 9 10 11 12 13 14 16 15 17 18 19 20 21 22 23 24 25 26 27 28 29 30 31 32 33 34 35 36 37 38 39 40 42 45 43 44 5 46 47 48 6 41 
372. After swapping objects between vertex 15 and vertex 16 : 49 1 50 3 4 2 7 8 9 10 11 12 13 14 15 16 17 18 19 20 21 22 23 24 25 26 27 28 29 30 31 32 33 34 35 36 37 38 39 40 42 45 43 44 5 46 47 48 6 41 
373. After swapping objects between vertex 49 and vertex 50 : 49 1 50 3 4 2 7 8 9 10 11 12 13 14 15 16 17 18 19 20 21 22 23 24 25 26 27 28 29 30 31 32 33 34 35 36 37 38 39 40 42 45 43 44 5 46 47 48 41 6 
374. After swapping objects between vertex 48 and vertex 49 : 49 1 50 3 4 2 7 8 9 10 11 12 13 14 15 16 17 18 19 20 21 22 23 24 25 26 27 28 29 30 31 32 33 34 35 36 37 38 39 40 42 45 43 44 5 46 47 41 48 6 
375. After swapping objects between vertex 47 and vertex 48 : 49 1 50 3 4 2 7 8 9 10 11 12 13 14 15 16 17 18 19 20 21 22 23 24 25 26 27 28 29 30 31 32 33 34 35 36 37 38 39 40 42 45 43 44 5 46 41 47 48 6 
376. After swapping objects between vertex 46 and vertex 47 : 49 1 50 3 4 2 7 8 9 10 11 12 13 14 15 16 17 18 19 20 21 22 23 24 25 26 27 28 29 30 31 32 33 34 35 36 37 38 39 40 42 45 43 44 5 41 46 47 48 6 
377. After swapping objects between vertex 45 and vertex 46 : 49 1 50 3 4 2 7 8 9 10 11 12 13 14 15 16 17 18 19 20 21 22 23 24 25 26 27 28 29 30 31 32 33 34 35 36 37 38 39 40 42 45 43 44 41 5 46 47 48 6 
378. After swapping objects between vertex 44 and vertex 45 : 49 1 50 3 4 2 7 8 9 10 11 12 13 14 15 16 17 18 19 20 21 22 23 24 25 26 27 28 29 30 31 32 33 34 35 36 37 38 39 40 42 45 43 41 44 5 46 47 48 6 
379. After swapping objects between vertex 43 and vertex 44 : 49 1 50 3 4 2 7 8 9 10 11 12 13 14 15 16 17 18 19 20 21 22 23 24 25 26 27 28 29 30 31 32 33 34 35 36 37 38 39 40 42 45 41 43 44 5 46 47 48 6 
380. After swapping objects between vertex 42 and vertex 43 : 49 1 50 3 4 2 7 8 9 10 11 12 13 14 15 16 17 18 19 20 21 22 23 24 25 26 27 28 29 30 31 32 33 34 35 36 37 38 39 40 42 41 45 43 44 5 46 47 48 6 
381. After swapping objects between vertex 41 and vertex 42 : 49 1 50 3 4 2 7 8 9 10 11 12 13 14 15 16 17 18 19 20 21 22 23 24 25 26 27 28 29 30 31 32 33 34 35 36 37 38 39 40 41 42 45 43 44 5 46 47 48 6 
382. After swapping objects between vertex 43 and vertex 44 : 49 1 50 3 4 2 7 8 9 10 11 12 13 14 15 16 17 18 19 20 21 22 23 24 25 26 27 28 29 30 31 32 33 34 35 36 37 38 39 40 41 42 43 45 44 5 46 47 48 6 
383. After swapping objects between vertex 44 and vertex 45 : 49 1 50 3 4 2 7 8 9 10 11 12 13 14 15 16 17 18 19 20 21 22 23 24 25 26 27 28 29 30 31 32 33 34 35 36 37 38 39 40 41 42 43 44 45 5 46 47 48 6 
384. After swapping objects between vertex 46 and vertex 47 : 49 1 50 3 4 2 7 8 9 10 11 12 13 14 15 16 17 18 19 20 21 22 23 24 25 26 27 28 29 30 31 32 33 34 35 36 37 38 39 40 41 42 43 44 45 46 5 47 48 6 
385. After swapping objects between vertex 47 and vertex 48 : 49 1 50 3 4 2 7 8 9 10 11 12 13 14 15 16 17 18 19 20 21 22 23 24 25 26 27 28 29 30 31 32 33 34 35 36 37 38 39 40 41 42 43 44 45 46 47 5 48 6 
386. After swapping objects between vertex 48 and vertex 49 : 49 1 50 3 4 2 7 8 9 10 11 12 13 14 15 16 17 18 19 20 21 22 23 24 25 26 27 28 29 30 31 32 33 34 35 36 37 38 39 40 41 42 43 44 45 46 47 48 5 6 
387. After swapping objects between vertex 1 and vertex 50 : 6 1 50 3 4 2 7 8 9 10 11 12 13 14 15 16 17 18 19 20 21 22 23 24 25 26 27 28 29 30 31 32 33 34 35 36 37 38 39 40 41 42 43 44 45 46 47 48 5 49 
388. After swapping objects between vertex 1 and vertex 2 : 1 6 50 3 4 2 7 8 9 10 11 12 13 14 15 16 17 18 19 20 21 22 23 24 25 26 27 28 29 30 31 32 33 34 35 36 37 38 39 40 41 42 43 44 45 46 47 48 5 49 
389. After swapping objects between vertex 2 and vertex 3 : 1 50 6 3 4 2 7 8 9 10 11 12 13 14 15 16 17 18 19 20 21 22 23 24 25 26 27 28 29 30 31 32 33 34 35 36 37 38 39 40 41 42 43 44 45 46 47 48 5 49 
390. After swapping objects between vertex 1 and vertex 2 : 50 1 6 3 4 2 7 8 9 10 11 12 13 14 15 16 17 18 19 20 21 22 23 24 25 26 27 28 29 30 31 32 33 34 35 36 37 38 39 40 41 42 43 44 45 46 47 48 5 49 
391. After swapping objects between vertex 3 and vertex 4 : 50 1 3 6 4 2 7 8 9 10 11 12 13 14 15 16 17 18 19 20 21 22 23 24 25 26 27 28 29 30 31 32 33 34 35 36 37 38 39 40 41 42 43 44 45 46 47 48 5 49 
392. After swapping objects between vertex 4 and vertex 5 : 50 1 3 4 6 2 7 8 9 10 11 12 13 14 15 16 17 18 19 20 21 22 23 24 25 26 27 28 29 30 31 32 33 34 35 36 37 38 39 40 41 42 43 44 45 46 47 48 5 49 
393. After swapping objects between vertex 5 and vertex 6 : 50 1 3 4 2 6 7 8 9 10 11 12 13 14 15 16 17 18 19 20 21 22 23 24 25 26 27 28 29 30 31 32 33 34 35 36 37 38 39 40 41 42 43 44 45 46 47 48 5 49 
394. After swapping objects between vertex 4 and vertex 5 : 50 1 3 2 4 6 7 8 9 10 11 12 13 14 15 16 17 18 19 20 21 22 23 24 25 26 27 28 29 30 31 32 33 34 35 36 37 38 39 40 41 42 43 44 45 46 47 48 5 49 
395. After swapping objects between vertex 3 and vertex 4 : 50 1 2 3 4 6 7 8 9 10 11 12 13 14 15 16 17 18 19 20 21 22 23 24 25 26 27 28 29 30 31 32 33 34 35 36 37 38 39 40 41 42 43 44 45 46 47 48 5 49 
396. After swapping objects between vertex 49 and vertex 50 : 50 1 2 3 4 6 7 8 9 10 11 12 13 14 15 16 17 18 19 20 21 22 23 24 25 26 27 28 29 30 31 32 33 34 35 36 37 38 39 40 41 42 43 44 45 46 47 48 49 5 
397. After swapping objects between vertex 1 and vertex 50 : 5 1 2 3 4 6 7 8 9 10 11 12 13 14 15 16 17 18 19 20 21 22 23 24 25 26 27 28 29 30 31 32 33 34 35 36 37 38 39 40 41 42 43 44 45 46 47 48 49 50 
398. After swapping objects between vertex 1 and vertex 2 : 1 5 2 3 4 6 7 8 9 10 11 12 13 14 15 16 17 18 19 20 21 22 23 24 25 26 27 28 29 30 31 32 33 34 35 36 37 38 39 40 41 42 43 44 45 46 47 48 49 50 
399. After swapping objects between vertex 2 and vertex 3 : 1 2 5 3 4 6 7 8 9 10 11 12 13 14 15 16 17 18 19 20 21 22 23 24 25 26 27 28 29 30 31 32 33 34 35 36 37 38 39 40 41 42 43 44 45 46 47 48 49 50 
400. After swapping objects between vertex 3 and vertex 4 : 1 2 3 5 4 6 7 8 9 10 11 12 13 14 15 16 17 18 19 20 21 22 23 24 25 26 27 28 29 30 31 32 33 34 35 36 37 38 39 40 41 42 43 44 45 46 47 48 49 50 
401. After swapping objects between vertex 4 and vertex 5 : 1 2 3 4 5 6 7 8 9 10 11 12 13 14 15 16 17 18 19 20 21 22 23 24 25 26 27 28 29 30 31 32 33 34 35 36 37 38 39 40 41 42 43 44 45 46 47 48 49 50 
Target Permutation: 1 2 3 4 5 6 7 8 9 10 11 12 13 14 15 16 17 18 19 20 21 22 23 24 25 26 27 28 29 30 31 32 33 34 35 36 37 38 39 40 41 42 43 44 45 46 47 48 49 50 
Upper Bound: 625
Reached the target permutation successfully (401 adjacent swaps).


