************************************************
Graph Network Topology: Star Topology
Number of Objects: 50
Random Initial Source Permutation: Yes
Source Permutation (Initial Assignment): 15 10 16 38 49 26 2 17 45 39 43 33 4 27 36 9 32 40 24 47 11 29 23 50 48 18 3 7 28 12 22 6 30 14 13 20 44 5 25 8 21 1 42 31 19 35 37 41 34 46 
Target Permutation: 1 2 3 4 5 6 7 8 9 10 11 12 13 14 15 16 17 18 19 20 21 22 23 24 25 26 27 28 29 30 31 32 33 34 35 36 37 38 39 40 41 42 43 44 45 46 47 48 49 50 
Upper Bound (the diameter of star Cayley graph ST_n for n=50) : 73
The minimum number of adjacent swaps needed is 51.
<A permutation decomposition for the inverse of source permutation>
42 7 27 13 38 32 28 40 16 2 21 30 35 34 1 3 8 26 45 36 41 31 23 19 39 6 14 29 22 33 44 17 12 49 46 15 47 4 10 18 48 43 11 37 9 50 20 25 5 24  = (1 15)(1 36)(1 20)(1 47)(1 37)(1 44)(1 31)(1 22)(1 29)(1 28)(1 7)(1 2)(1 10)(1 39)(1 25)(1 48)(1 41)(1 21)(1 11)(1 43)(1 42)(1 3)(1 16)(1 9)(1 45)(1 19)(1 24)(1 50)(1 46)(1 35)(1 13)(1 4)(1 38)(1 5)(1 49)(1 34)(1 14)(1 27)(1 3)(1 6)(1 26)(1 18)(1 40)(1 8)(1 17)(1 32)(1 6)(1 12)(1 33)(1 30)(1 12)
Source Permutation: 15 10 16 38 49 26 2 17 45 39 43 33 4 27 36 9 32 40 24 47 11 29 23 50 48 18 3 7 28 12 22 6 30 14 13 20 44 5 25 8 21 1 42 31 19 35 37 41 34 46 
1. After swapping objects between vertex 1 and vertex 15 : 36 10 16 38 49 26 2 17 45 39 43 33 4 27 15 9 32 40 24 47 11 29 23 50 48 18 3 7 28 12 22 6 30 14 13 20 44 5 25 8 21 1 42 31 19 35 37 41 34 46 
2. After swapping objects between vertex 1 and vertex 36 : 20 10 16 38 49 26 2 17 45 39 43 33 4 27 15 9 32 40 24 47 11 29 23 50 48 18 3 7 28 12 22 6 30 14 13 36 44 5 25 8 21 1 42 31 19 35 37 41 34 46 
3. After swapping objects between vertex 1 and vertex 20 : 47 10 16 38 49 26 2 17 45 39 43 33 4 27 15 9 32 40 24 20 11 29 23 50 48 18 3 7 28 12 22 6 30 14 13 36 44 5 25 8 21 1 42 31 19 35 37 41 34 46 
4. After swapping objects between vertex 1 and vertex 47 : 37 10 16 38 49 26 2 17 45 39 43 33 4 27 15 9 32 40 24 20 11 29 23 50 48 18 3 7 28 12 22 6 30 14 13 36 44 5 25 8 21 1 42 31 19 35 47 41 34 46 
5. After swapping objects between vertex 1 and vertex 37 : 44 10 16 38 49 26 2 17 45 39 43 33 4 27 15 9 32 40 24 20 11 29 23 50 48 18 3 7 28 12 22 6 30 14 13 36 37 5 25 8 21 1 42 31 19 35 47 41 34 46 
6. After swapping objects between vertex 1 and vertex 44 : 31 10 16 38 49 26 2 17 45 39 43 33 4 27 15 9 32 40 24 20 11 29 23 50 48 18 3 7 28 12 22 6 30 14 13 36 37 5 25 8 21 1 42 44 19 35 47 41 34 46 
7. After swapping objects between vertex 1 and vertex 31 : 22 10 16 38 49 26 2 17 45 39 43 33 4 27 15 9 32 40 24 20 11 29 23 50 48 18 3 7 28 12 31 6 30 14 13 36 37 5 25 8 21 1 42 44 19 35 47 41 34 46 
8. After swapping objects between vertex 1 and vertex 22 : 29 10 16 38 49 26 2 17 45 39 43 33 4 27 15 9 32 40 24 20 11 22 23 50 48 18 3 7 28 12 31 6 30 14 13 36 37 5 25 8 21 1 42 44 19 35 47 41 34 46 
9. After swapping objects between vertex 1 and vertex 29 : 28 10 16 38 49 26 2 17 45 39 43 33 4 27 15 9 32 40 24 20 11 22 23 50 48 18 3 7 29 12 31 6 30 14 13 36 37 5 25 8 21 1 42 44 19 35 47 41 34 46 
10. After swapping objects between vertex 1 and vertex 28 : 7 10 16 38 49 26 2 17 45 39 43 33 4 27 15 9 32 40 24 20 11 22 23 50 48 18 3 28 29 12 31 6 30 14 13 36 37 5 25 8 21 1 42 44 19 35 47 41 34 46 
11. After swapping objects between vertex 1 and vertex 7 : 2 10 16 38 49 26 7 17 45 39 43 33 4 27 15 9 32 40 24 20 11 22 23 50 48 18 3 28 29 12 31 6 30 14 13 36 37 5 25 8 21 1 42 44 19 35 47 41 34 46 
12. After swapping objects between vertex 1 and vertex 2 : 10 2 16 38 49 26 7 17 45 39 43 33 4 27 15 9 32 40 24 20 11 22 23 50 48 18 3 28 29 12 31 6 30 14 13 36 37 5 25 8 21 1 42 44 19 35 47 41 34 46 
13. After swapping objects between vertex 1 and vertex 10 : 39 2 16 38 49 26 7 17 45 10 43 33 4 27 15 9 32 40 24 20 11 22 23 50 48 18 3 28 29 12 31 6 30 14 13 36 37 5 25 8 21 1 42 44 19 35 47 41 34 46 
14. After swapping objects between vertex 1 and vertex 39 : 25 2 16 38 49 26 7 17 45 10 43 33 4 27 15 9 32 40 24 20 11 22 23 50 48 18 3 28 29 12 31 6 30 14 13 36 37 5 39 8 21 1 42 44 19 35 47 41 34 46 
15. After swapping objects between vertex 1 and vertex 25 : 48 2 16 38 49 26 7 17 45 10 43 33 4 27 15 9 32 40 24 20 11 22 23 50 25 18 3 28 29 12 31 6 30 14 13 36 37 5 39 8 21 1 42 44 19 35 47 41 34 46 
16. After swapping objects between vertex 1 and vertex 48 : 41 2 16 38 49 26 7 17 45 10 43 33 4 27 15 9 32 40 24 20 11 22 23 50 25 18 3 28 29 12 31 6 30 14 13 36 37 5 39 8 21 1 42 44 19 35 47 48 34 46 
17. After swapping objects between vertex 1 and vertex 41 : 21 2 16 38 49 26 7 17 45 10 43 33 4 27 15 9 32 40 24 20 11 22 23 50 25 18 3 28 29 12 31 6 30 14 13 36 37 5 39 8 41 1 42 44 19 35 47 48 34 46 
18. After swapping objects between vertex 1 and vertex 21 : 11 2 16 38 49 26 7 17 45 10 43 33 4 27 15 9 32 40 24 20 21 22 23 50 25 18 3 28 29 12 31 6 30 14 13 36 37 5 39 8 41 1 42 44 19 35 47 48 34 46 
19. After swapping objects between vertex 1 and vertex 11 : 43 2 16 38 49 26 7 17 45 10 11 33 4 27 15 9 32 40 24 20 21 22 23 50 25 18 3 28 29 12 31 6 30 14 13 36 37 5 39 8 41 1 42 44 19 35 47 48 34 46 
20. After swapping objects between vertex 1 and vertex 43 : 42 2 16 38 49 26 7 17 45 10 11 33 4 27 15 9 32 40 24 20 21 22 23 50 25 18 3 28 29 12 31 6 30 14 13 36 37 5 39 8 41 1 43 44 19 35 47 48 34 46 
21. After swapping objects between vertex 1 and vertex 42 : 1 2 16 38 49 26 7 17 45 10 11 33 4 27 15 9 32 40 24 20 21 22 23 50 25 18 3 28 29 12 31 6 30 14 13 36 37 5 39 8 41 42 43 44 19 35 47 48 34 46 
22. After swapping objects between vertex 1 and vertex 3 : 16 2 1 38 49 26 7 17 45 10 11 33 4 27 15 9 32 40 24 20 21 22 23 50 25 18 3 28 29 12 31 6 30 14 13 36 37 5 39 8 41 42 43 44 19 35 47 48 34 46 
23. After swapping objects between vertex 1 and vertex 16 : 9 2 1 38 49 26 7 17 45 10 11 33 4 27 15 16 32 40 24 20 21 22 23 50 25 18 3 28 29 12 31 6 30 14 13 36 37 5 39 8 41 42 43 44 19 35 47 48 34 46 
24. After swapping objects between vertex 1 and vertex 9 : 45 2 1 38 49 26 7 17 9 10 11 33 4 27 15 16 32 40 24 20 21 22 23 50 25 18 3 28 29 12 31 6 30 14 13 36 37 5 39 8 41 42 43 44 19 35 47 48 34 46 
25. After swapping objects between vertex 1 and vertex 45 : 19 2 1 38 49 26 7 17 9 10 11 33 4 27 15 16 32 40 24 20 21 22 23 50 25 18 3 28 29 12 31 6 30 14 13 36 37 5 39 8 41 42 43 44 45 35 47 48 34 46 
26. After swapping objects between vertex 1 and vertex 19 : 24 2 1 38 49 26 7 17 9 10 11 33 4 27 15 16 32 40 19 20 21 22 23 50 25 18 3 28 29 12 31 6 30 14 13 36 37 5 39 8 41 42 43 44 45 35 47 48 34 46 
27. After swapping objects between vertex 1 and vertex 24 : 50 2 1 38 49 26 7 17 9 10 11 33 4 27 15 16 32 40 19 20 21 22 23 24 25 18 3 28 29 12 31 6 30 14 13 36 37 5 39 8 41 42 43 44 45 35 47 48 34 46 
28. After swapping objects between vertex 1 and vertex 50 : 46 2 1 38 49 26 7 17 9 10 11 33 4 27 15 16 32 40 19 20 21 22 23 24 25 18 3 28 29 12 31 6 30 14 13 36 37 5 39 8 41 42 43 44 45 35 47 48 34 50 
29. After swapping objects between vertex 1 and vertex 46 : 35 2 1 38 49 26 7 17 9 10 11 33 4 27 15 16 32 40 19 20 21 22 23 24 25 18 3 28 29 12 31 6 30 14 13 36 37 5 39 8 41 42 43 44 45 46 47 48 34 50 
30. After swapping objects between vertex 1 and vertex 35 : 13 2 1 38 49 26 7 17 9 10 11 33 4 27 15 16 32 40 19 20 21 22 23 24 25 18 3 28 29 12 31 6 30 14 35 36 37 5 39 8 41 42 43 44 45 46 47 48 34 50 
31. After swapping objects between vertex 1 and vertex 13 : 4 2 1 38 49 26 7 17 9 10 11 33 13 27 15 16 32 40 19 20 21 22 23 24 25 18 3 28 29 12 31 6 30 14 35 36 37 5 39 8 41 42 43 44 45 46 47 48 34 50 
32. After swapping objects between vertex 1 and vertex 4 : 38 2 1 4 49 26 7 17 9 10 11 33 13 27 15 16 32 40 19 20 21 22 23 24 25 18 3 28 29 12 31 6 30 14 35 36 37 5 39 8 41 42 43 44 45 46 47 48 34 50 
33. After swapping objects between vertex 1 and vertex 38 : 5 2 1 4 49 26 7 17 9 10 11 33 13 27 15 16 32 40 19 20 21 22 23 24 25 18 3 28 29 12 31 6 30 14 35 36 37 38 39 8 41 42 43 44 45 46 47 48 34 50 
34. After swapping objects between vertex 1 and vertex 5 : 49 2 1 4 5 26 7 17 9 10 11 33 13 27 15 16 32 40 19 20 21 22 23 24 25 18 3 28 29 12 31 6 30 14 35 36 37 38 39 8 41 42 43 44 45 46 47 48 34 50 
35. After swapping objects between vertex 1 and vertex 49 : 34 2 1 4 5 26 7 17 9 10 11 33 13 27 15 16 32 40 19 20 21 22 23 24 25 18 3 28 29 12 31 6 30 14 35 36 37 38 39 8 41 42 43 44 45 46 47 48 49 50 
36. After swapping objects between vertex 1 and vertex 34 : 14 2 1 4 5 26 7 17 9 10 11 33 13 27 15 16 32 40 19 20 21 22 23 24 25 18 3 28 29 12 31 6 30 34 35 36 37 38 39 8 41 42 43 44 45 46 47 48 49 50 
37. After swapping objects between vertex 1 and vertex 14 : 27 2 1 4 5 26 7 17 9 10 11 33 13 14 15 16 32 40 19 20 21 22 23 24 25 18 3 28 29 12 31 6 30 34 35 36 37 38 39 8 41 42 43 44 45 46 47 48 49 50 
38. After swapping objects between vertex 1 and vertex 27 : 3 2 1 4 5 26 7 17 9 10 11 33 13 14 15 16 32 40 19 20 21 22 23 24 25 18 27 28 29 12 31 6 30 34 35 36 37 38 39 8 41 42 43 44 45 46 47 48 49 50 
39. After swapping objects between vertex 1 and vertex 3 : 1 2 3 4 5 26 7 17 9 10 11 33 13 14 15 16 32 40 19 20 21 22 23 24 25 18 27 28 29 12 31 6 30 34 35 36 37 38 39 8 41 42 43 44 45 46 47 48 49 50 
40. After swapping objects between vertex 1 and vertex 6 : 26 2 3 4 5 1 7 17 9 10 11 33 13 14 15 16 32 40 19 20 21 22 23 24 25 18 27 28 29 12 31 6 30 34 35 36 37 38 39 8 41 42 43 44 45 46 47 48 49 50 
41. After swapping objects between vertex 1 and vertex 26 : 18 2 3 4 5 1 7 17 9 10 11 33 13 14 15 16 32 40 19 20 21 22 23 24 25 26 27 28 29 12 31 6 30 34 35 36 37 38 39 8 41 42 43 44 45 46 47 48 49 50 
42. After swapping objects between vertex 1 and vertex 18 : 40 2 3 4 5 1 7 17 9 10 11 33 13 14 15 16 32 18 19 20 21 22 23 24 25 26 27 28 29 12 31 6 30 34 35 36 37 38 39 8 41 42 43 44 45 46 47 48 49 50 
43. After swapping objects between vertex 1 and vertex 40 : 8 2 3 4 5 1 7 17 9 10 11 33 13 14 15 16 32 18 19 20 21 22 23 24 25 26 27 28 29 12 31 6 30 34 35 36 37 38 39 40 41 42 43 44 45 46 47 48 49 50 
44. After swapping objects between vertex 1 and vertex 8 : 17 2 3 4 5 1 7 8 9 10 11 33 13 14 15 16 32 18 19 20 21 22 23 24 25 26 27 28 29 12 31 6 30 34 35 36 37 38 39 40 41 42 43 44 45 46 47 48 49 50 
45. After swapping objects between vertex 1 and vertex 17 : 32 2 3 4 5 1 7 8 9 10 11 33 13 14 15 16 17 18 19 20 21 22 23 24 25 26 27 28 29 12 31 6 30 34 35 36 37 38 39 40 41 42 43 44 45 46 47 48 49 50 
46. After swapping objects between vertex 1 and vertex 32 : 6 2 3 4 5 1 7 8 9 10 11 33 13 14 15 16 17 18 19 20 21 22 23 24 25 26 27 28 29 12 31 32 30 34 35 36 37 38 39 40 41 42 43 44 45 46 47 48 49 50 
47. After swapping objects between vertex 1 and vertex 6 : 1 2 3 4 5 6 7 8 9 10 11 33 13 14 15 16 17 18 19 20 21 22 23 24 25 26 27 28 29 12 31 32 30 34 35 36 37 38 39 40 41 42 43 44 45 46 47 48 49 50 
48. After swapping objects between vertex 1 and vertex 12 : 33 2 3 4 5 6 7 8 9 10 11 1 13 14 15 16 17 18 19 20 21 22 23 24 25 26 27 28 29 12 31 32 30 34 35 36 37 38 39 40 41 42 43 44 45 46 47 48 49 50 
49. After swapping objects between vertex 1 and vertex 33 : 30 2 3 4 5 6 7 8 9 10 11 1 13 14 15 16 17 18 19 20 21 22 23 24 25 26 27 28 29 12 31 32 33 34 35 36 37 38 39 40 41 42 43 44 45 46 47 48 49 50 
50. After swapping objects between vertex 1 and vertex 30 : 12 2 3 4 5 6 7 8 9 10 11 1 13 14 15 16 17 18 19 20 21 22 23 24 25 26 27 28 29 30 31 32 33 34 35 36 37 38 39 40 41 42 43 44 45 46 47 48 49 50 
51. After swapping objects between vertex 1 and vertex 12 : 1 2 3 4 5 6 7 8 9 10 11 12 13 14 15 16 17 18 19 20 21 22 23 24 25 26 27 28 29 30 31 32 33 34 35 36 37 38 39 40 41 42 43 44 45 46 47 48 49 50 
Target Permutation: 1 2 3 4 5 6 7 8 9 10 11 12 13 14 15 16 17 18 19 20 21 22 23 24 25 26 27 28 29 30 31 32 33 34 35 36 37 38 39 40 41 42 43 44 45 46 47 48 49 50 
Upper Bound: 73
Reached the target permutation successfully (51 adjacent swaps).
